8 0.13125 0.696875 0.05625 0.07109375
8 0.175 0.6640625 0.04453125 0.05859375
8 0.2359375 0.590625 0.05 0.05703125
8 0.32578125 0.54140625 0.0546875 0.0609375
8 0.38828125 0.45625 0.0375 0.034375
8 0.39375 0.490625 0.03203125 0.0515625
8 0.47421875 0.45625 0.0359375 0.05703125
8 0.5375 0.34375 0.05546875 0.065625
8 0.78125 0.25625 0.05703125 0.0515625
15 0.19375 0.7171875 0.1 0.05703125
15 0.2484375 0.6765625 0.11171875 0.0609375
15 0.29453125 0.6203125 0.075 0.08203125
15 0.3796875 0.56484375 0.06796875 0.07109375
15 0.375 0.49609375 0.03203125 0.078125
15 0.4046875 0.52734375 0.0640625 0.084375
15 0.4328125 0.471875 0.03515625 0.05703125
14 0.55625 0.40390625 0.07265625 0.08046875
15 0.76796875 0.3 0.06875 0.08359375