8 0.16796875 0.45859375 0.1640625 0.18359375
8 0.1 0.5046875 0.08046875 0.109375
8 0.22265625 0.48515625 0.0546875 0.1015625
8 0.325 0.4671875 0.11953125 0.13203125
8 0.421875 0.54609375 0.078125 0.121875
8 0.5125 0.48671875 0.08359375 0.0984375
8 0.653125 0.51484375 0.10390625 0.15390625
8 0.78125 0.51796875 0.0984375 0.14140625
15 0.79609375 0.7171875 0.1640625 0.2984375
15 0.66015625 0.70234375 0.14375 0.2984375
15 0.50625 0.67265625 0.11171875 0.27890625
15 0.43359375 0.728125 0.10625 0.278125
15 0.3328125 0.70234375 0.15078125 0.3265625
15 0.165625 0.684375 0.1796875 0.353125