13 0.41328125 0.6609375 0.1015625 0.121875
13 0.2734375 0.60390625 0.05625 0.06953125
13 0.18515625 0.69453125 0.071875 0.08359375
13 0.125 0.65859375 0.06953125 0.11953125
13 0.4515625 0.234375 0.05390625 0.0640625
13 0.6078125 0.22890625 0.05390625 0.0640625
13 0.765625 0.25390625 0.0515625 0.0640625
13 0.878125 0.15078125 0.06953125 0.0765625
14 0.871875 0.21953125 0.0953125 0.09453125
14 0.76875 0.30078125 0.075 0.07109375
14 0.60703125 0.3015625 0.0828125 0.11640625
14 0.45078125 0.315625 0.0703125 0.115625
14 0.4109375 0.85234375 0.215625 0.2953125
14 0.2796875 0.734375 0.0828125 0.21953125
14 0.165625 0.8546875 0.159375 0.290625
14 0.065625 0.84296875 0.128125 0.3140625