14 0.1078125 0.721875 0.2109375 0.55546875
14 0.21484375 0.5359375 0.121875 0.371875
14 0.309375 0.48515625 0.09921875 0.39609375
14 0.42734375 0.38984375 0.140625 0.3265625
14 0.6203125 0.44375 0.15078125 0.409375
14 0.75390625 0.58046875 0.1328125 0.4640625
14 0.853125 0.50703125 0.0390625 0.33046875
14 0.93359375 0.7140625 0.1328125 0.571875
14 0.87890625 0.603125 0.096875 0.3984375
13 0.0859375 0.36015625 0.1671875 0.2765625
13 0.196875 0.2171875 0.15859375 0.2375
13 0.315625 0.203125 0.10390625 0.18359375
13 0.4015625 0.171875 0.10390625 0.190625
13 0.64765625 0.20078125 0.1171875 0.21796875
13 0.74375 0.2921875 0.10703125 0.22890625
13 0.82421875 0.2765625 0.0859375 0.203125
13 0.8890625 0.3171875 0.06015625 0.23203125
13 0.953125 0.3359375 0.09375 0.4109375