8 0.096875 0.4625 0.08203125 0.13046875
8 0.11875 0.6484375 0.10234375 0.078125
8 0.2671875 0.378125 0.115625 0.115625
8 0.33125 0.22265625 0.08671875 0.11796875
8 0.56015625 0.37109375 0.0765625 0.10859375
8 0.715625 0.23359375 0.0828125 0.128125
8 0.83671875 0.0296875 0.1109375 0.059375
8 0.8171875 0.55 0.1375 0.18359375
15 0.9703125 0.2046875 0.05859375 0.2625
15 0.19375 0.478125 0.14765625 0.16640625
15 0.1859375 0.775 0.17265625 0.253125
15 0.3359375 0.55859375 0.17890625 0.253125
15 0.39375 0.30390625 0.0921875 0.196875
15 0.653125 0.4265625 0.14609375 0.16640625
15 0.790625 0.65 0.1875 0.25546875
15 0.69375 0.2890625 0.084375 0.14140625
15 0.825 0.11875 0.06328125 0.15390625
15 0.971875 0.36640625 0.05625 0.2359375