13 0.21796875 0.46484375 0.1328125 0.1515625
13 0.59296875 0.33671875 0.0546875 0.0984375
13 0.64375 0.36328125 0.07265625 0.1015625
13 0.6890625 0.3953125 0.06015625 0.1015625
13 0.7359375 0.35390625 0.06015625 0.071875
13 0.8328125 0.3078125 0.08359375 0.0734375
13 0.88828125 0.15234375 0.109375 0.109375
15 0.21484375 0.6875 0.1796875 0.328125
15 0.5859375 0.459375 0.1140625 0.1875
15 0.6875 0.54375 0.140625 0.2265625
14 0.74140625 0.46328125 0.0703125 0.190625
15 0.82734375 0.41953125 0.1171875 0.1609375
14 0.8921875 0.26796875 0.17421875 0.203125