15 0.78203125 0.6375 0.0953125 0.215625
15 0.6859375 0.55703125 0.103125 0.2015625
15 0.56953125 0.51640625 0.0890625 0.1828125
15 0.24453125 0.58671875 0.1515625 0.2296875
15 0.39296875 0.52578125 0.1421875 0.2140625
5 0.08125 0.9203125 0.08125 0.071875
5 0.1359375 0.9046875 0.065625 0.071875
5 0.22578125 0.90625 0.0734375 0.078125
5 0.2796875 0.8796875 0.075 0.08125
5 0.37890625 0.8890625 0.0765625 0.078125
5 0.41796875 0.8765625 0.0671875 0.08125
5 0.52265625 0.86796875 0.0734375 0.0890625
5 0.57734375 0.86328125 0.0546875 0.0796875
5 0.65703125 0.85546875 0.0546875 0.0765625
5 0.7046875 0.859375 0.053125 0.075
5 0.77265625 0.84375 0.0546875 0.078125
5 0.8 0.8546875 0.04375 0.065625
5 0.92578125 0.8671875 0.0921875 0.0875
5 0.86015625 0.85859375 0.0734375 0.0796875
6 0.25 0.4296875 0.05625 0.021875
6 0.36796875 0.39765625 0.0640625 0.0234375