15 0.7828125 0.634375 0.0625 0.14375
15 0.453125 0.5359375 0.06875 0.096875
15 0.66640625 0.52421875 0.0515625 0.0859375
15 0.28359375 0.56015625 0.0390625 0.0671875
15 0.37265625 0.53828125 0.0453125 0.0859375
15 0.13359375 0.57890625 0.0546875 0.1015625
15 0.63125 0.5203125 0.078125 0.09375
15 0.509375 0.5203125 0.065625 0.10625
15 0.753125 0.5359375 0.05 0.096875
7 0.1375 0.5953125 0.021875 0.021875
7 0.1828125 0.5390625 0.015625 0.021875
7 0.278125 0.5484375 0.015625 0.021875
7 0.309375 0.53671875 0.0125 0.0234375
7 0.4375 0.54765625 0.015625 0.0203125
7 0.51015625 0.55390625 0.0171875 0.0203125
6 0.12734375 0.5078125 0.0265625 0.0125
6 0.28359375 0.47109375 0.0234375 0.0171875
6 0.3734375 0.48359375 0.021875 0.0109375
6 0.4984375 0.471875 0.021875 0.009375
6 0.621875 0.4546875 0.01875 0.009375
6 0.6734375 0.4578125 0.025 0.009375
6 0.753125 0.48203125 0.021875 0.0109375