13 0.86875 0.4703125 0.03046875 0.0484375
13 0.90234375 0.46015625 0.025 0.065625
13 0.9171875 0.45234375 0.02734375 0.059375
13 0.3671875 0.465625 0.03359375 0.04609375
13 0.8203125 0.4546875 0.03125 0.0765625
14 0.9203125 0.38671875 0.0625 0.10703125
14 0.86875 0.41171875 0.04453125 0.1234375
14 0.89921875 0.4171875 0.05 0.1875
14 0.3703125 0.415625 0.0546875 0.07890625
14 0.13203125 0.45 0.0203125 0.04140625
13 0.13125 0.48359375 0.0234375 0.021875
15 0.81953125 0.35078125 0.0921875 0.190625
15 0.821875 0.3546875 0.03984375 0.165625
15 0.57734375 0.353125 0.0765625 0.22109375
15 0.2390625 0.39140625 0.0640625 0.18046875
15 0.1828125 0.38046875 0.075 0.16953125
8 0.565625 0.47265625 0.05234375 0.084375
8 0.21796875 0.4890625 0.0390625 0.08359375
13 0.17890625 0.46953125 0.0359375 0.04453125
13 0.82109375 0.45859375 0.04375 0.05
13 0.7921875 0.4375 0.040625 0.071875