8 0.9421875 0.74609375 0.05078125 0.1390625
8 0.8171875 0.784375 0.06640625 0.1234375
8 0.74296875 0.7515625 0.0484375 0.14453125
8 0.715625 0.7375 0.03671875 0.0859375
8 0.6390625 0.71875 0.04765625 0.09609375
8 0.471875 0.58203125 0.0609375 0.125
8 0.4640625 0.64921875 0.065625 0.1234375
8 0.38359375 0.628125 0.1046875 0.19453125
8 0.196875 0.76875 0.09140625 0.23203125
8 0.075 0.45859375 0.059375 0.1609375
15 0.9375 0.634375 0.09375 0.18046875
15 0.81796875 0.62109375 0.109375 0.20859375
15 0.74140625 0.61953125 0.0765625 0.196875
15 0.7046875 0.61484375 0.04140625 0.1875
15 0.63671875 0.596875 0.090625 0.16640625
15 0.47265625 0.52578125 0.0984375 0.17109375
15 0.428125 0.628125 0.06953125 0.22890625
15 0.2296875 0.503125 0.275 0.33359375
15 0.215625 0.68046875 0.1734375 0.1390625
15 0.075 0.35234375 0.1078125 0.12109375