1 0.27890625 0.19609375 0.0296875 0.0453125
1 0.5671875 0.23203125 0.028125 0.0515625
1 0.39375 0.2390625 0.03125 0.046875
1 0.63203125 0.2640625 0.0296875 0.046875
1 0.4546875 0.27109375 0.03125 0.0484375
1 0.51953125 0.28984375 0.0234375 0.0328125
4 0.56171875 0.3390625 0.0640625 0.13125
1 0.26640625 0.3265625 0.0734375 0.1625
4 0.578125 0.353125 0.028125 0.09375
4 0.3796875 0.340625 0.046875 0.13125
4 0.4453125 0.3546875 0.05625 0.11875
4 0.35390625 0.3484375 0.0296875 0.071875
4 0.50859375 0.375 0.0515625 0.11875
4 0.52734375 0.37734375 0.0234375 0.0734375
4 0.62109375 0.3828125 0.0703125 0.159375
4 0.4703125 0.38046875 0.01875 0.0484375
4 0.484375 0.3828125 0.01875 0.0625
4 0.4203125 0.38203125 0.015625 0.0515625
4 0.58671875 0.42734375 0.0203125 0.0734375
4 0.64453125 0.434375 0.0265625 0.065625