1 0.56015625 0.14453125 0.0890625 0.1078125
1 0.153125 0.11015625 0.078125 0.1046875
1 0.2734375 0.2125 0.071875 0.109375
1 0.71171875 0.31171875 0.0984375 0.1203125
1 0.39921875 0.2546875 0.0765625 0.096875
4 0.11484375 0.30625 0.1703125 0.29375
4 0.04765625 0.30546875 0.0609375 0.1421875
4 0.50078125 0.421875 0.1984375 0.359375
4 0.2515625 0.36796875 0.14375 0.2546875
4 0.16640625 0.35703125 0.0703125 0.1640625
4 0.4296875 0.459375 0.05 0.121875
4 0.309375 0.446875 0.046875 0.14375
4 0.2828125 0.4484375 0.05 0.109375
4 0.53203125 0.503125 0.0921875 0.2125
4 0.38671875 0.478125 0.0828125 0.16875
4 0.18515625 0.43671875 0.0359375 0.0890625
4 0.3453125 0.471875 0.159375 0.296875
4 0.628125 0.64765625 0.253125 0.4921875
4 0.51171875 0.684375 0.1078125 0.2625
4 0.67421875 0.78828125 0.1078125 0.2171875