1 0.146875 0.17421875 0.06875 0.0953125
1 0.4578125 0.23125 0.053125 0.090625
1 0.30078125 0.2640625 0.0515625 0.075
1 0.51796875 0.259375 0.0421875 0.065625
1 0.3828125 0.275 0.0375 0.053125
1 0.59375 0.2875 0.046875 0.09375
4 0.15234375 0.403125 0.1234375 0.29375
1 0.77578125 0.37421875 0.0640625 0.0671875
4 0.5359375 0.396875 0.059375 0.190625
4 0.39140625 0.4109375 0.0765625 0.196875
4 0.46796875 0.415625 0.1109375 0.259375
4 0.59375 0.42578125 0.096875 0.2390625
4 0.3125 0.4671875 0.1125 0.26875
4 0.77578125 0.5640625 0.1265625 0.275
3 0.70703125 0.765625 0.0546875 0.08125
3 0.23828125 0.80078125 0.0890625 0.1109375
3 0.16875 0.87734375 0.078125 0.0984375
3 0.67734375 0.74296875 0.0640625 0.0640625
3 0.628125 0.7109375 0.05625 0.075
3 0.30546875 0.7953125 0.0546875 0.078125