1 0.2421875 0.28046875 0.065625 0.0671875
1 0.609375 0.28984375 0.075 0.0734375
1 0.71640625 0.34296875 0.0671875 0.0640625
4 0.4 0.5453125 0.15 0.3
4 0.60234375 0.48984375 0.1265625 0.2828125
4 0.703125 0.54296875 0.134375 0.2640625
1 0.4265625 0.33203125 0.078125 0.0921875
3 0.215625 0.8140625 0.06875 0.034375
3 0.3171875 0.9125 0.040625 0.034375
3 0.378125 0.92109375 0.0375 0.0359375
3 0.55625 0.93046875 0.078125 0.0484375
3 0.64453125 0.9296875 0.0765625 0.040625
3 0.096875 0.77421875 0.059375 0.0921875
2 0.1953125 0.53515625 0.25625 0.6453125
2 0.37578125 0.6078125 0.2546875 0.7
2 0.5875 0.6125 0.259375 0.753125
2 0.70078125 0.63515625 0.2421875 0.6703125