1 0.19609375 0.35 0.0671875 0.06875
1 0.5546875 0.26953125 0.078125 0.0765625
1 0.671875 0.2953125 0.06875 0.065625
4 0.4140625 0.56875 0.159375 0.303125
4 0.59765625 0.465625 0.1359375 0.284375
4 0.70703125 0.49296875 0.1421875 0.2671875
1 0.38828125 0.35390625 0.0796875 0.0953125
0 0.653125 0.51953125 0.059375 0.0671875
0 0.32890625 0.65390625 0.0578125 0.0828125
3 0.3 0.8734375 0.06875 0.0375
3 0.42265625 0.94453125 0.0421875 0.0359375
3 0.48359375 0.9375 0.0390625 0.0375
3 0.65859375 0.9046875 0.0796875 0.05
3 0.74453125 0.88203125 0.0765625 0.0421875
3 0.17421875 0.8640625 0.0609375 0.09375
2 0.2125 0.60703125 0.278125 0.6484375
2 0.40625 0.6359375 0.278125 0.703125
2 0.6109375 0.5890625 0.284375 0.75625
2 0.72890625 0.58203125 0.2640625 0.6734375