1 0.0703125 0.10234375 0.1375 0.1546875
1 0.32578125 0.228125 0.1515625 0.209375
1 0.74296875 0.19921875 0.1078125 0.1390625
1 0.871875 0.26015625 0.075 0.0671875
0 0.040625 0.35546875 0.071875 0.1109375
0 0.1 0.5296875 0.0875 0.11875
0 0.31875 0.66953125 0.103125 0.1671875
0 0.41953125 0.52265625 0.0828125 0.1203125
0 0.6953125 0.41328125 0.053125 0.0984375
0 0.74140625 0.49921875 0.0734375 0.0703125
0 0.83984375 0.30390625 0.0453125 0.0546875
0 0.903125 0.4609375 0.053125 0.0625
3 0.12421875 0.9125 0.1140625 0.140625
3 0.1921875 0.93515625 0.09375 0.1296875
3 0.3 0.928125 0.10625 0.14375
3 0.48046875 0.90703125 0.0921875 0.1453125
3 0.646875 0.7671875 0.065625 0.115625
3 0.7109375 0.7546875 0.09375 0.0875
3 0.82265625 0.63671875 0.0609375 0.0828125
3 0.87109375 0.62578125 0.0703125 0.0734375
2 0.853125 0.45 0.14375 0.45625
2 0.67734375 0.46875 0.2921875 0.721875
2 0.36796875 0.56328125 0.3359375 0.8734375
2 0.125 0.51171875 0.25 0.9765625