1 0.35390625 0.4125 0.0484375 0.053125
1 0.4734375 0.41171875 0.040625 0.0421875
1 0.56875 0.44453125 0.040625 0.0453125
1 0.65234375 0.459375 0.0453125 0.053125
1 0.71015625 0.46640625 0.0640625 0.0640625
3 0.265625 0.76171875 0.028125 0.0390625
3 0.3 0.74921875 0.04375 0.0296875
3 0.42109375 0.74296875 0.0265625 0.0265625
3 0.46171875 0.75625 0.0328125 0.034375
3 0.496875 0.80234375 0.0375 0.0296875
3 0.52578125 0.82578125 0.0265625 0.0328125
3 0.57265625 0.840625 0.0453125 0.028125
3 0.5984375 0.8703125 0.028125 0.03125
3 0.609375 0.97265625 0.065625 0.0515625
2 0.3109375 0.5859375 0.253125 0.459375
2 0.45390625 0.58125 0.2109375 0.409375
2 0.54296875 0.62734375 0.1921875 0.4421875
2 0.6796875 0.70703125 0.25625 0.5859375
2 0.6171875 0.65859375 0.196875 0.4609375