1 0.24296875 0.66328125 0.0984375 0.1296875
1 0.3671875 0.5828125 0.03125 0.040625
1 0.56484375 0.6203125 0.0234375 0.03125
1 0.865625 0.41328125 0.09375 0.1015625
1 0.51875 0.5875 0.028125 0.028125
4 0.21484375 0.87734375 0.1578125 0.2328125
4 0.890625 0.68515625 0.1875 0.4140625
4 0.49453125 0.6515625 0.0515625 0.10625
4 0.59375 0.6828125 0.065625 0.109375
2 0.840625 0.640625 0.31875 0.584375
2 0.22109375 0.7890625 0.2078125 0.409375
2 0.346875 0.67578125 0.134375 0.2609375
2 0.503125 0.659375 0.065625 0.178125
2 0.59140625 0.71171875 0.1109375 0.2484375