1 0.21484375 0.0703125 0.0921875 0.090625
1 0.31484375 0.1546875 0.0546875 0.05625
1 0.45390625 0.15390625 0.0546875 0.0546875
1 0.515625 0.17734375 0.0625 0.0796875
1 0.91875 0.25625 0.05 0.05
1 0.971875 0.15546875 0.05625 0.0890625
4 0.2109375 0.278125 0.296875 0.3375
4 0.28984375 0.334375 0.0796875 0.121875
4 0.4234375 0.28984375 0.1 0.1640625
4 0.5046875 0.3078125 0.11875 0.203125
4 0.70234375 0.32109375 0.1296875 0.2046875
4 0.9203125 0.40234375 0.159375 0.3390625
3 0.840625 0.82265625 0.084375 0.0578125
3 0.59765625 0.6640625 0.0578125 0.034375
3 0.66484375 0.67421875 0.0359375 0.0296875
3 0.44296875 0.6375 0.0515625 0.040625
1 0.7265625 0.1625 0.090625 0.065625
2 0.8875 0.48359375 0.225 0.8046875
2 0.8984375 0.3578125 0.10625 0.303125
2 0.678125 0.41328125 0.290625 0.6203125
2 0.4859375 0.40078125 0.221875 0.5703125
2 0.40390625 0.3703125 0.2015625 0.534375
2 0.28203125 0.3984375 0.2109375 0.578125
2 0.14375 0.3828125 0.284375 0.765625