1 0.17109375 0.10234375 0.0859375 0.0828125
1 0.2796875 0.1765625 0.05 0.053125
1 0.41796875 0.16015625 0.0515625 0.0515625
1 0.48203125 0.1765625 0.0546875 0.075
1 0.89140625 0.21484375 0.0453125 0.0453125
1 0.9515625 0.1078125 0.084375 0.08125
4 0.1890625 0.31015625 0.26875 0.3140625
4 0.2734375 0.35859375 0.06875 0.1171875
4 0.4015625 0.29921875 0.084375 0.1578125
4 0.484375 0.30859375 0.1 0.1953125
4 0.68203125 0.30078125 0.1109375 0.1953125
4 0.91328125 0.359375 0.1359375 0.33125
3 0.871875 0.78515625 0.08125 0.0515625
3 0.6140625 0.65234375 0.05625 0.0296875
3 0.6828125 0.65546875 0.034375 0.0265625
3 0.45703125 0.6421875 0.0484375 0.0375
1 0.68984375 0.14140625 0.0859375 0.0578125
2 0.90546875 0.440625 0.1890625 0.796875
2 0.88203125 0.3171875 0.0765625 0.3
2 0.6671875 0.3953125 0.23125 0.60625
2 0.475 0.403125 0.165625 0.5625
2 0.39140625 0.3796875 0.1484375 0.528125
2 0.271875 0.421875 0.153125 0.571875
2 0.13359375 0.41640625 0.2078125 0.7640625