1 0.0875 0.1875 0.103125 0.11875
1 0.3359375 0.240625 0.1125 0.103125
1 0.5421875 0.28046875 0.1125 0.1046875
1 0.73828125 0.284375 0.1140625 0.115625
1 0.94140625 0.20078125 0.1171875 0.1421875
4 0.0984375 0.39375 0.196875 0.34375
4 0.321875 0.43046875 0.209375 0.3390625
4 0.52109375 0.46796875 0.2171875 0.3046875
4 0.71328125 0.48515625 0.2046875 0.3234375
3 0.046875 0.76875 0.09375 0.125
3 0.23046875 0.7453125 0.1234375 0.121875
3 0.28359375 0.78125 0.1203125 0.128125
3 0.45859375 0.7625 0.1140625 0.109375
3 0.49609375 0.8125 0.1078125 0.109375
3 0.61796875 0.82421875 0.1015625 0.0859375
3 0.65625 0.8671875 0.1125 0.103125
3 0.815625 0.8890625 0.134375 0.11875
3 0.86015625 0.9328125 0.1640625 0.134375
0 0.0390625 0.55234375 0.078125 0.1171875
0 0.26875 0.55234375 0.078125 0.1015625
0 0.4640625 0.5609375 0.075 0.103125
0 0.64375 0.5625 0.06875 0.08125
0 0.85078125 0.5984375 0.1234375 0.121875
2 0.8625 0.5625 0.275 0.875
2 0.6953125 0.58359375 0.2875 0.7203125
2 0.5140625 0.54140625 0.290625 0.6515625
2 0.290625 0.5046875 0.290625 0.665625
2 0.1 0.47734375 0.2 0.7046875