1 0.09296875 0.17890625 0.1046875 0.1203125
1 0.33984375 0.23828125 0.1140625 0.1046875
1 0.54609375 0.28125 0.1140625 0.10625
1 0.7421875 0.28828125 0.115625 0.1171875
1 0.94375 0.209375 0.1125 0.14375
4 0.1 0.38671875 0.2 0.3453125
4 0.3234375 0.4265625 0.215625 0.340625
4 0.521875 0.46796875 0.221875 0.3078125
4 0.7140625 0.4890625 0.209375 0.325
3 0.04453125 0.76015625 0.0890625 0.1265625
3 0.225 0.74140625 0.125 0.1234375
3 0.278125 0.77734375 0.121875 0.1296875
3 0.4546875 0.76171875 0.115625 0.1109375
3 0.4921875 0.8125 0.109375 0.109375
3 0.61328125 0.825 0.1015625 0.0875
3 0.64921875 0.86953125 0.1140625 0.1046875
3 0.80859375 0.89453125 0.1359375 0.1203125
3 0.8515625 0.93515625 0.165625 0.1296875
2 0.8578125 0.56640625 0.284375 0.8671875
2 0.69375 0.58828125 0.3 0.7203125
2 0.51328125 0.5421875 0.3015625 0.653125
2 0.28984375 0.50078125 0.3015625 0.6671875
2 0.10234375 0.4703125 0.2046875 0.70625