1 0.03515625 0.35390625 0.0671875 0.1078125
1 0.13359375 0.353125 0.0765625 0.084375
1 0.20078125 0.42890625 0.0609375 0.0765625
1 0.31953125 0.37734375 0.0484375 0.0578125
1 0.47265625 0.396875 0.0421875 0.053125
1 0.5265625 0.41484375 0.0375 0.0453125
1 0.5890625 0.43515625 0.040625 0.0421875
1 0.671875 0.39921875 0.040625 0.0421875
1 0.71171875 0.4375 0.0484375 0.071875
1 0.84765625 0.47578125 0.0703125 0.0765625
3 0.2046875 0.97109375 0.059375 0.0296875
3 0.29296875 0.9359375 0.0296875 0.040625
3 0.32890625 0.9296875 0.0421875 0.040625
3 0.421875 0.87421875 0.021875 0.0359375
3 0.47890625 0.8734375 0.0359375 0.034375
3 0.53515625 0.8453125 0.0265625 0.03125
3 0.49140625 0.8375 0.0265625 0.025
3 0.56015625 0.86796875 0.0421875 0.0359375
3 0.59921875 0.88828125 0.0328125 0.0484375
3 0.6328125 0.86328125 0.040625 0.0328125
3 0.6671875 0.925 0.04375 0.025
3 0.69375 0.9484375 0.046875 0.034375
2 0.8546875 0.709375 0.159375 0.58125
2 0.70078125 0.68359375 0.0953125 0.5609375
2 0.66171875 0.63671875 0.0859375 0.5234375
2 0.5953125 0.66640625 0.1 0.5203125
2 0.52734375 0.60859375 0.0765625 0.4671875
2 0.45625 0.63515625 0.1 0.5515625
2 0.31796875 0.65625 0.1421875 0.628125
2 0.19375 0.6859375 0.096875 0.61875
2 0.11796875 0.65078125 0.1328125 0.6859375
2 0.03828125 0.63984375 0.0765625 0.7015625