4 0.215625 0.390625 0.16875 0.284375
4 0.32890625 0.40390625 0.1578125 0.3140625
4 0.4921875 0.353125 0.165625 0.2875
1 0.2625 0.1828125 0.096875 0.109375
1 0.38359375 0.190625 0.0828125 0.084375
1 0.47890625 0.153125 0.0765625 0.096875
1 0.55078125 0.16953125 0.0796875 0.0796875
0 0.56484375 0.27109375 0.0453125 0.0640625
0 0.62578125 0.278125 0.0640625 0.05625
0 0.26953125 0.4703125 0.0609375 0.075
3 0.17109375 0.8484375 0.0859375 0.096875
3 0.22109375 0.85234375 0.0859375 0.0859375
3 0.30625 0.840625 0.090625 0.06875
3 0.425 0.884375 0.10625 0.065625
2 0.20859375 0.51015625 0.2890625 0.8203125
2 0.31796875 0.50234375 0.2484375 0.7546875
2 0.509375 0.5203125 0.35 0.86875