4 0.2609375 0.20234375 0.071875 0.0578125
4 0.3515625 0.2875 0.078125 0.0875
4 0.540625 0.315625 0.065625 0.059375
4 0.79453125 0.590625 0.0765625 0.09375
1 0.81640625 0.52578125 0.0328125 0.0328125
1 0.35625 0.228125 0.040625 0.040625
3 0.72109375 0.74453125 0.0390625 0.0390625
3 0.353125 0.3984375 0.03125 0.05625
3 0.32109375 0.37734375 0.0390625 0.0546875
3 0.26875 0.35546875 0.0375 0.0671875
3 0.23515625 0.30234375 0.0328125 0.0546875
3 0.55390625 0.4140625 0.0296875 0.040625
3 0.53671875 0.40625 0.0296875 0.0375
2 0.765625 0.65234375 0.20625 0.3703125
2 0.53125 0.3421875 0.159375 0.21875
2 0.2484375 0.284375 0.14375 0.2625
2 0.34921875 0.3109375 0.1328125 0.246875