4 0.16875 0.30859375 0.071875 0.0578125
4 0.28515625 0.3546875 0.0796875 0.0875
4 0.471875 0.3140625 0.065625 0.059375
4 0.80625 0.47890625 0.078125 0.0953125
1 0.80390625 0.41171875 0.0328125 0.0328125
1 0.26796875 0.296875 0.0421875 0.040625
3 0.79453125 0.6484375 0.0390625 0.040625
3 0.3265625 0.4578125 0.03125 0.05625
3 0.2890625 0.44921875 0.040625 0.0546875
3 0.23203125 0.44765625 0.0390625 0.0671875
3 0.1828125 0.41015625 0.034375 0.0546875
3 0.51953125 0.4015625 0.0296875 0.040625
3 0.50078125 0.4 0.0296875 0.0375
2 0.803125 0.546875 0.2125 0.371875
2 0.471875 0.34140625 0.1625 0.2203125
2 0.1875 0.3890625 0.146875 0.2625
2 0.290625 0.37734375 0.1375 0.2484375