1 0.2453125 0.0515625 0.096875 0.09375
1 0.3390625 0.1421875 0.05625 0.059375
1 0.47734375 0.15078125 0.0578125 0.0578125
1 0.53828125 0.178125 0.0671875 0.08125
1 0.934375 0.2859375 0.053125 0.053125
1 0.98203125 0.18984375 0.0359375 0.0921875
4 0.22734375 0.2578125 0.3140625 0.35
4 0.30078125 0.3203125 0.0859375 0.125
4 0.4390625 0.28515625 0.109375 0.1671875
4 0.5171875 0.309375 0.13125 0.20625
4 0.71484375 0.33515625 0.1421875 0.2078125
4 0.91796875 0.4328125 0.1640625 0.34375
3 0.81640625 0.8453125 0.0859375 0.0625
3 0.5859375 0.6703125 0.059375 0.0375
3 0.653125 0.684375 0.0375 0.03125
3 0.4328125 0.6328125 0.053125 0.04375
1 0.75078125 0.17890625 0.0921875 0.0703125
2 0.87421875 0.51328125 0.2515625 0.8046875
2 0.90703125 0.3859375 0.1265625 0.303125
2 0.68359375 0.42578125 0.3296875 0.6265625
2 0.49140625 0.4 0.2578125 0.571875
2 0.41328125 0.36328125 0.2359375 0.5359375
2 0.2890625 0.3828125 0.246875 0.578125
2 0.16015625 0.3703125 0.3203125 0.740625