1 0.0296875 0.33671875 0.059375 0.1203125
1 0.26015625 0.30859375 0.1140625 0.1046875
1 0.46796875 0.2796875 0.1140625 0.10625
1 0.6546875 0.21796875 0.115625 0.1171875
1 0.83125 0.07109375 0.140625 0.1421875
4 0.09296875 0.53203125 0.1859375 0.3453125
4 0.3078125 0.4921875 0.215625 0.340625
4 0.509375 0.46171875 0.221875 0.3078125
4 0.696875 0.4171875 0.209375 0.325
3 0.0859375 0.90703125 0.0625 0.1234375
3 0.15859375 0.90234375 0.0984375 0.1265625
3 0.325 0.81953125 0.125 0.1234375
3 0.3875 0.83671875 0.121875 0.1296875
3 0.546875 0.76171875 0.115625 0.1109375
3 0.5984375 0.796875 0.109375 0.109375
3 0.71796875 0.7671875 0.1015625 0.0875
3 0.76640625 0.79765625 0.1140625 0.1046875
3 0.92578125 0.76640625 0.1359375 0.1203125
3 0.9484375 0.79140625 0.103125 0.1359375
0 0.0765625 0.70234375 0.090625 0.1171875
0 0.29765625 0.62578125 0.0796875 0.1015625
0 0.48671875 0.56796875 0.0765625 0.1046875
0 0.65546875 0.51171875 0.0703125 0.0828125
0 0.8640625 0.47890625 0.125 0.1234375
2 0.86171875 0.45390625 0.2765625 0.9078125
2 0.7125 0.51640625 0.3 0.7203125
2 0.52578125 0.5359375 0.3015625 0.653125
2 0.30234375 0.57265625 0.3015625 0.6671875
2 0.11015625 0.61875 0.2203125 0.70625