4 0.15703125 0.33125 0.0734375 0.0625
4 0.27578125 0.3703125 0.0828125 0.090625
4 0.4578125 0.315625 0.06875 0.0625
4 0.80390625 0.45703125 0.0828125 0.0984375
1 0.796875 0.390625 0.034375 0.034375
1 0.2546875 0.31484375 0.04375 0.0421875
3 0.803125 0.62734375 0.040625 0.0421875
3 0.3234375 0.4703125 0.034375 0.05625
3 0.2859375 0.4640625 0.04375 0.05625
3 0.22890625 0.4671875 0.0421875 0.06875
3 0.1765625 0.4328125 0.0375 0.05625
3 0.51328125 0.39921875 0.0328125 0.0421875
3 0.49375 0.40078125 0.03125 0.0390625
2 0.80625 0.52578125 0.234375 0.3765625
0 0.7546875 0.5015625 0.0375 0.0375
2 0.46171875 0.34453125 0.1734375 0.2265625
2 0.18125 0.4109375 0.1625 0.265625
2 0.28359375 0.3921875 0.1515625 0.25