1 0.3375 0.453125 0.040625 0.046875
1 0.4515625 0.421875 0.034375 0.0375
1 0.5515625 0.4296875 0.034375 0.040625
1 0.6359375 0.42265625 0.0375 0.0484375
1 0.69453125 0.41328125 0.0546875 0.0546875
3 0.3421875 0.81328125 0.021875 0.0359375
3 0.37109375 0.79296875 0.0390625 0.0234375
3 0.4875 0.75625 0.021875 0.021875
3 0.5296875 0.7578125 0.028125 0.03125
3 0.575 0.7921875 0.034375 0.025
3 0.609375 0.80859375 0.021875 0.0296875
3 0.65859375 0.81015625 0.0421875 0.0203125
3 0.690625 0.8328125 0.025 0.028125
3 0.7265625 0.928125 0.059375 0.040625
2 0.340625 0.63203125 0.175 0.4390625
2 0.4765625 0.58984375 0.140625 0.3953125
2 0.575 0.6125 0.1125 0.434375
2 0.73046875 0.66640625 0.1453125 0.6015625
2 0.65390625 0.6234375 0.1140625 0.453125