1 0.3453125 0.43203125 0.04375 0.0484375
1 0.46328125 0.41484375 0.0359375 0.0390625
1 0.56171875 0.43671875 0.0359375 0.0421875
1 0.6453125 0.4421875 0.040625 0.05
1 0.70390625 0.44140625 0.0578125 0.0578125
3 0.29921875 0.7875 0.0234375 0.0375
3 0.33125 0.77109375 0.040625 0.0265625
3 0.45234375 0.75078125 0.0234375 0.0234375
3 0.49296875 0.76015625 0.0296875 0.0328125
3 0.534375 0.80078125 0.034375 0.0265625
3 0.56484375 0.8203125 0.0234375 0.03125
3 0.6140625 0.83046875 0.04375 0.0234375
3 0.64296875 0.85625 0.0265625 0.028125
3 0.66484375 0.95546875 0.0609375 0.0453125
2 0.32265625 0.60859375 0.2046875 0.4484375
2 0.46328125 0.58671875 0.1671875 0.4015625
2 0.55859375 0.62109375 0.1421875 0.4390625
2 0.70546875 0.696875 0.1859375 0.60625
2 0.63515625 0.64296875 0.1453125 0.4578125