1 0.40390625 0.3265625 0.0859375 0.1
1 0.6203125 0.25234375 0.084375 0.0921875
4 0.403125 0.5125 0.178125 0.26875
4 0.62890625 0.46328125 0.2078125 0.3171875
0 0.26875 0.64140625 0.059375 0.0890625
0 0.44765625 0.4203125 0.0890625 0.06875
0 0.67265625 0.3390625 0.0703125 0.09375
0 0.7109375 0.33671875 0.05 0.0859375
3 0.31875 0.93984375 0.09375 0.0921875
3 0.40546875 0.88515625 0.0609375 0.0921875
3 0.56796875 0.93046875 0.0765625 0.1046875
3 0.6171875 0.921875 0.05625 0.08125
2 0.3734375 0.61484375 0.35 0.7546875
2 0.62734375 0.59609375 0.3578125 0.7953125