1 0.10546875 0.165625 0.1078125 0.121875
1 0.35 0.23203125 0.115625 0.1078125
1 0.55234375 0.2828125 0.1171875 0.109375
1 0.75 0.29765625 0.11875 0.1203125
1 0.94765625 0.225 0.1046875 0.146875
4 0.10546875 0.37265625 0.2109375 0.3484375
4 0.325 0.4203125 0.225 0.34375
4 0.52265625 0.46796875 0.2296875 0.3109375
4 0.7140625 0.496875 0.21875 0.328125
3 0.04140625 0.74375 0.0828125 0.128125
3 0.2171875 0.73046875 0.128125 0.1265625
3 0.26875 0.76953125 0.125 0.1328125
3 0.44609375 0.76015625 0.1171875 0.1140625
3 0.48046875 0.8109375 0.1109375 0.1125
3 0.60078125 0.8296875 0.1046875 0.090625
3 0.6359375 0.87578125 0.115625 0.1078125
3 0.79453125 0.90625 0.1390625 0.125
3 0.8359375 0.93984375 0.16875 0.1203125
2 0.8484375 0.57265625 0.303125 0.8546875
2 0.690625 0.59375 0.321875 0.721875
2 0.5109375 0.54296875 0.321875 0.6546875
2 0.290625 0.49453125 0.321875 0.6703125
2 0.109375 0.4546875 0.21875 0.70625