1 0.3453125 0.37578125 0.096875 0.1078125
1 0.51875 0.22578125 0.09375 0.1015625
4 0.415625 0.54765625 0.209375 0.2828125
4 0.60546875 0.41796875 0.2453125 0.3328125
0 0.33828125 0.71796875 0.0703125 0.0921875
0 0.42109375 0.4453125 0.0953125 0.078125
0 0.59921875 0.2859375 0.0796875 0.1
0 0.63515625 0.27109375 0.0609375 0.0890625
3 0.4953125 0.9625 0.103125 0.075
3 0.55625 0.8921875 0.071875 0.096875
3 0.72421875 0.87421875 0.0890625 0.1109375
3 0.7671875 0.84765625 0.065625 0.0859375
2 0.42421875 0.634375 0.4421875 0.73125
2 0.6546875 0.54140625 0.45625 0.8109375