1 0.0796875 0.21015625 0.078125 0.0859375
1 0.61875 0.13203125 0.059375 0.0640625
1 0.7296875 0.125 0.0625 0.0625
1 0.82109375 0.41484375 0.0578125 0.0671875
4 0.09375 0.4671875 0.175 0.334375
4 0.61796875 0.35703125 0.1328125 0.2671875
4 0.7515625 0.33046875 0.134375 0.2609375
4 0.86328125 0.609375 0.1390625 0.234375
3 0.23515625 0.98671875 0.0828125 0.0265625
3 0.77578125 0.8 0.0640625 0.046875
3 0.81796875 0.8453125 0.0703125 0.053125
3 0.90390625 0.82578125 0.0390625 0.0703125
2 0.85234375 0.62734375 0.2546875 0.5171875
2 0.775 0.459375 0.203125 0.734375
2 0.62421875 0.4671875 0.2078125 0.740625
3 0.67734375 0.796875 0.0859375 0.08125
3 0.11953125 0.98671875 0.0609375 0.0265625
2 0.14140625 0.5765625 0.2828125 0.846875