1 0.421875 0.31875 0.09375 0.10625
1 0.64609375 0.26640625 0.0921875 0.0984375
4 0.40234375 0.50234375 0.2015625 0.2796875
4 0.63203125 0.47734375 0.2359375 0.3296875
0 0.25546875 0.61640625 0.0671875 0.0921875
0 0.45625 0.41484375 0.09375 0.0765625
0 0.6890625 0.35859375 0.078125 0.0984375
0 0.72734375 0.36015625 0.0578125 0.0890625
3 0.27421875 0.91875 0.1015625 0.1
3 0.36484375 0.87265625 0.0703125 0.0953125
3 0.52265625 0.934375 0.0859375 0.109375
3 0.571875 0.93125 0.0625 0.084375
2 0.36171875 0.6015625 0.4203125 0.76875
2 0.6171875 0.6015625 0.43125 0.796875