4 0.2078125 0.25390625 0.065625 0.0484375
4 0.31484375 0.3203125 0.0671875 0.078125
4 0.5046875 0.31171875 0.059375 0.0515625
4 0.80546875 0.53203125 0.0640625 0.0859375
1 0.815625 0.465625 0.028125 0.028125
1 0.30703125 0.259375 0.0359375 0.034375
3 0.76328125 0.696875 0.0328125 0.034375
3 0.33671875 0.428125 0.0234375 0.053125
3 0.30078125 0.4125 0.0328125 0.05
3 0.2453125 0.40234375 0.028125 0.0640625
3 0.20234375 0.35703125 0.0265625 0.0515625
3 0.53671875 0.40625 0.0234375 0.0375
3 0.51796875 0.4015625 0.0234375 0.034375
2 0.78984375 0.59921875 0.1546875 0.3515625
2 0.49921875 0.33984375 0.1296875 0.2015625
2 0.2125 0.3359375 0.10625 0.25
2 0.31484375 0.34296875 0.0984375 0.2359375