1 0.06484375 0.2828125 0.0828125 0.115625
1 0.1625 0.29765625 0.0875 0.0953125
1 0.2140625 0.3828125 0.071875 0.084375
1 0.340625 0.35078125 0.05625 0.0640625
1 0.4890625 0.39375 0.05 0.059375
1 0.5390625 0.41953125 0.04375 0.0515625
1 0.5984375 0.45078125 0.046875 0.0484375
1 0.6859375 0.42734375 0.046875 0.0484375
1 0.71953125 0.471875 0.0578125 0.078125
1 0.846875 0.53046875 0.08125 0.0859375
3 0.13515625 0.9203125 0.0640625 0.0375
3 0.22734375 0.89765625 0.0359375 0.0453125
3 0.26484375 0.8984375 0.0484375 0.046875
3 0.3640625 0.85859375 0.028125 0.0390625
3 0.4203125 0.865625 0.040625 0.040625
3 0.48125 0.84609375 0.03125 0.0359375
3 0.4390625 0.83203125 0.03125 0.0296875
3 0.50234375 0.87265625 0.0484375 0.0421875
3 0.53828125 0.9 0.0390625 0.053125
3 0.57421875 0.87890625 0.0453125 0.0390625
3 0.5984375 0.94609375 0.046875 0.0328125
3 0.62109375 0.9734375 0.0515625 0.040625
2 0.81640625 0.73203125 0.2484375 0.5359375
2 0.6703125 0.7125 0.18125 0.565625
2 0.6375 0.66015625 0.165625 0.5265625
2 0.56796875 0.67890625 0.1796875 0.5265625
2 0.51015625 0.61015625 0.1484375 0.4703125
2 0.4359375 0.62734375 0.184375 0.5578125
2 0.296875 0.62578125 0.2375 0.6390625
2 0.16796875 0.63671875 0.1921875 0.6234375
2 0.1078125 0.58828125 0.215625 0.6953125
2 0.05703125 0.56484375 0.1140625 0.7015625