8 0.03515625 0.40234375 0.0703125 0.090625
8 0.3484375 0.4140625 0.0328125 0.05546875
8 0.37578125 0.3796875 0.0484375 0.04609375
8 0.4 0.3890625 0.02890625 0.0640625
8 0.42890625 0.38671875 0.046875 0.084375
8 0.4671875 0.403125 0.0484375 0.06640625
8 0.546875 0.4578125 0.0359375 0.0734375
13 0.6265625 0.4703125 0.05859375 0.065625
13 0.2328125 0.40234375 0.0453125 0.07890625
8 0.2875 0.4421875 0.05 0.07890625
14 0.2859375 0.503125 0.04609375 0.096875
14 0.2296875 0.509375 0.0875 0.15703125
14 0.6296875 0.56328125 0.078125 0.140625
15 0.546875 0.546875 0.06875 0.146875
15 0.0328125 0.52578125 0.065625 0.1828125
15 0.3703125 0.521875 0.0671875 0.15859375
15 0.4015625 0.4609375 0.01953125 0.10546875
15 0.425 0.46796875 0.0265625 0.1140625
15 0.4703125 0.52578125 0.075 0.184375