13 0.2046875 0.37109375 0.15390625 0.2
13 0.378125 0.390625 0.109375 0.16953125
13 0.5109375 0.471875 0.14609375 0.20390625
13 0.728125 0.45703125 0.12265625 0.28359375
13 0.9296875 0.4015625 0.140625 0.2390625
13 0.02734375 0.44140625 0.05 0.175
14 0.04296875 0.671875 0.0859375 0.38046875
14 0.203125 0.67265625 0.2234375 0.5265625
14 0.378125 0.63828125 0.16640625 0.40703125
14 0.5078125 0.73046875 0.1765625 0.45546875
14 0.74375 0.7 0.20078125 0.4609375
14 0.91796875 0.72734375 0.1640625 0.5453125