8 0.26640625 0.71953125 0.078125 0.05
8 0.309375 0.56015625 0.0640625 0.065625
8 0.4859375 0.51015625 0.05703125 0.040625
8 0.71875 0.52421875 0.06015625 0.04609375
8 0.5359375 0.5828125 0.03359375 0.04296875
8 0.56015625 0.575 0.0375 0.053125
14 0.3015625 0.634375 0.08359375 0.12109375
14 0.25546875 0.796875 0.1171875 0.115625
14 0.490625 0.571875 0.05859375 0.103125
14 0.584375 0.578125 0.04609375 0.05
14 0.7015625 0.584375 0.053125 0.090625
14 0.7484375 0.60703125 0.0484375 0.05
13 0.715625 0.621875 0.028125 0.05703125