13 0.58671875 0.34296875 0.0875 0.153125
13 0.10625 0.42734375 0.05703125 0.0484375
13 0.1421875 0.41953125 0.053125 0.05
13 0.225 0.475 0.04453125 0.06640625
13 0.28671875 0.40390625 0.0546875 0.0859375
13 0.3453125 0.36953125 0.0515625 0.078125
13 0.40234375 0.40078125 0.0546875 0.07890625
13 0.46875 0.40703125 0.0640625 0.11640625
13 0.50859375 0.39140625 0.0546875 0.08359375
13 0.67734375 0.3734375 0.0375 0.05859375
13 0.7484375 0.4546875 0.0796875 0.09609375
13 0.846875 0.3828125 0.075 0.134375
14 0.0203125 0.58984375 0.040625 0.1984375
14 0.09453125 0.478125 0.0390625 0.0890625
14 0.1375 0.48515625 0.040625 0.1125
14 0.234375 0.5734375 0.07109375 0.153125
14 0.28515625 0.47421875 0.0484375 0.13203125
14 0.34296875 0.46484375 0.053125 0.1515625
14 0.396875 0.47578125 0.040625 0.1265625
14 0.46328125 0.53984375 0.10625 0.17109375
14 0.515625 0.45078125 0.04453125 0.084375
14 0.565625 0.54921875 0.08515625 0.25703125
14 0.67734375 0.446875 0.040625 0.11640625
14 0.765625 0.559375 0.09921875 0.14296875
14 0.8859375 0.53359375 0.13125 0.246875
14 0.94921875 0.465625 0.0375 0.1015625
13 0.9359375 0.41328125 0.0359375 0.0515625