13 0.8984375 0.60625 0.05234375 0.0375
14 0.896875 0.55234375 0.09375 0.09296875
8 0.58984375 0.5265625 0.0390625 0.05
8 0.484375 0.55859375 0.08515625 0.08359375
8 0.28203125 0.66015625 0.0609375 0.05390625
8 0.2609375 0.61015625 0.0546875 0.0625
13 0.3390625 0.3359375 0.0625 0.05546875
14 0.3375 0.2859375 0.09765625 0.10859375
8 0.6984375 0.21484375 0.06875 0.05703125
8 0.6328125 0.20703125 0.08203125 0.0890625
14 0.5859375 0.4734375 0.07421875 0.103125
14 0.48515625 0.50234375 0.0671875 0.1234375
14 0.2875 0.60390625 0.03671875 0.09140625
15 0.2578125 0.5375 0.0609375 0.13046875
14 0.15 0.63671875 0.07109375 0.1015625
14 0.6953125 0.1359375 0.0890625 0.1140625
14 0.615625 0.1359375 0.10859375 0.153125