13 0.7828125 0.5359375 0.1328125 0.15
13 0.4078125 0.6640625 0.0546875 0.1
13 0.35625 0.63671875 0.07265625 0.1015625
13 0.3109375 0.60546875 0.06015625 0.1
13 0.2640625 0.64609375 0.06015625 0.071875
13 0.1671875 0.6921875 0.08359375 0.0734375
13 0.1125 0.8484375 0.109375 0.10859375
15 0.78515625 0.3125 0.1796875 0.328125
15 0.4140625 0.54140625 0.1140625 0.1890625
15 0.3125 0.45703125 0.140625 0.225
14 0.259375 0.5375 0.0703125 0.19140625
15 0.1734375 0.58046875 0.1171875 0.1609375
14 0.1078125 0.73203125 0.17421875 0.203125