13 0.24765625 0.040625 0.0640625 0.08046875
14 0.2375 0.13828125 0.0859375 0.1875
8 0.0921875 0.2171875 0.05703125 0.13203125
8 0.0640625 0.309375 0.05859375 0.1265625
14 0.1078125 0.321875 0.06796875 0.15703125
14 0.05546875 0.4546875 0.0921875 0.29296875
13 0.36796875 0.04296875 0.0609375 0.0859375
15 0.3359375 0.159375 0.075 0.24140625
8 0.5609375 0.36328125 0.07109375 0.15703125
8 0.825 0.3 0.06640625 0.128125
15 0.56328125 0.49296875 0.1421875 0.2
15 0.8734375 0.41796875 0.07421875 0.2609375