13 0.75234375 0.959375 0.0640625 0.08046875
14 0.76328125 0.8625 0.0859375 0.1859375
8 0.9078125 0.78359375 0.05703125 0.13359375
8 0.93671875 0.690625 0.0578125 0.1265625
14 0.8921875 0.678125 0.06796875 0.15703125
14 0.94453125 0.5453125 0.0921875 0.29296875
13 0.63203125 0.95703125 0.0609375 0.0859375
15 0.6640625 0.840625 0.075 0.24140625
8 0.4390625 0.63671875 0.07109375 0.15703125
8 0.175 0.7 0.065625 0.128125
15 0.43671875 0.50703125 0.1421875 0.2
15 0.1265625 0.58203125 0.07421875 0.2609375