1 0.43515625 0.32109375 0.0546875 0.0734375
1 0.25703125 0.30546875 0.0453125 0.0453125
1 0.36328125 0.328125 0.0328125 0.040625
4 0.30625 0.33515625 0.053125 0.0828125
4 0.2109375 0.34140625 0.046875 0.0609375
4 0.34921875 0.36015625 0.0453125 0.0453125
1 0.67421875 0.41484375 0.0390625 0.0390625
4 0.4953125 0.3984375 0.034375 0.078125
1 0.47578125 0.39765625 0.0265625 0.0359375
1 0.5359375 0.41015625 0.034375 0.0546875
4 0.63125 0.42734375 0.05 0.0890625
4 0.70078125 0.44921875 0.0328125 0.0609375
4 0.56015625 0.4375 0.0359375 0.05
4 0.34375 0.42265625 0.05 0.1078125
4 0.521875 0.44765625 0.021875 0.0484375
4 0.5484375 0.45234375 0.06875 0.1359375
4 0.24453125 0.4203125 0.0890625 0.15625
4 0.46875 0.48671875 0.0375 0.1078125
4 0.65 0.53203125 0.09375 0.1671875
4 0.39921875 0.5140625 0.1203125 0.259375