1 0.47265625 0.14140625 0.0734375 0.0984375
1 0.0703125 0.20625 0.0625 0.096875
1 0.21015625 0.275 0.0546875 0.103125
1 0.659375 0.2671875 0.08125 0.109375
1 0.3421875 0.2859375 0.0625 0.0875
4 0.0796875 0.40546875 0.125 0.2796875
4 0.015625 0.4203125 0.03125 0.140625
4 0.48203125 0.42421875 0.1421875 0.3453125
4 0.22734375 0.43203125 0.1046875 0.2421875
4 0.1421875 0.44296875 0.04375 0.1609375
4 0.42109375 0.47890625 0.0296875 0.1203125
4 0.303125 0.49375 0.021875 0.14375
4 0.27734375 0.50234375 0.0328125 0.1078125
4 0.53203125 0.49609375 0.0578125 0.2078125
4 0.384375 0.50703125 0.05625 0.1640625
4 0.178125 0.5140625 0.021875 0.0875
4 0.3421875 0.5109375 0.1125 0.284375
4 0.6609375 0.61171875 0.175 0.4734375
4 0.55625 0.67734375 0.065625 0.2578125
4 0.73828125 0.7390625 0.0734375 0.209375