1 0.2953125 0.1859375 0.03125 0.046875
1 0.58125 0.23671875 0.03125 0.0515625
1 0.40703125 0.23359375 0.0328125 0.0484375
1 0.64375 0.27109375 0.03125 0.0484375
1 0.4671875 0.26875 0.034375 0.05
1 0.5296875 0.290625 0.025 0.034375
4 0.56953125 0.3421875 0.0703125 0.134375
1 0.2765625 0.31484375 0.08125 0.1640625
4 0.58515625 0.3578125 0.0328125 0.09375
4 0.3890625 0.33359375 0.053125 0.1328125
4 0.453125 0.35078125 0.0625 0.1203125
4 0.36328125 0.34140625 0.0328125 0.0734375
4 0.51484375 0.37578125 0.0578125 0.1203125
4 0.5328125 0.37890625 0.028125 0.0734375
4 0.6265625 0.390625 0.078125 0.1625
4 0.47578125 0.37890625 0.0203125 0.0484375
4 0.49140625 0.38203125 0.0234375 0.0640625
4 0.4265625 0.37734375 0.01875 0.0515625
4 0.590625 0.43203125 0.025 0.0734375
4 0.64765625 0.4421875 0.0296875 0.065625