1 0.1 0.17265625 0.10625 0.1203125
1 0.3453125 0.2359375 0.115625 0.10625
1 0.5484375 0.28203125 0.115625 0.1078125
1 0.74609375 0.2921875 0.1171875 0.11875
1 0.94609375 0.21640625 0.1078125 0.1453125
4 0.10234375 0.3796875 0.2046875 0.346875
4 0.32421875 0.42421875 0.2203125 0.3421875
4 0.521875 0.46875 0.225 0.309375
4 0.71328125 0.49296875 0.2140625 0.3265625
3 0.04296875 0.75234375 0.0859375 0.1265625
3 0.22109375 0.7359375 0.1265625 0.125
3 0.27421875 0.7734375 0.1234375 0.13125
3 0.45 0.7609375 0.115625 0.1125
3 0.48671875 0.81171875 0.1109375 0.1109375
3 0.6078125 0.82734375 0.103125 0.0890625
3 0.6421875 0.8734375 0.115625 0.10625
3 0.8015625 0.9 0.1375 0.121875
3 0.84453125 0.9375 0.1671875 0.125
0 0.0390625 0.5359375 0.078125 0.11875
0 0.2671875 0.5453125 0.08125 0.103125
0 0.4625 0.55859375 0.078125 0.1046875
0 0.64140625 0.56640625 0.0703125 0.0828125
0 0.84765625 0.6109375 0.1265625 0.125
2 0.853125 0.56875 0.29375 0.8625
2 0.69296875 0.590625 0.3109375 0.721875
2 0.51171875 0.54296875 0.3109375 0.6546875
2 0.28984375 0.4984375 0.3109375 0.66875
2 0.10625 0.4625 0.2125 0.70625