1 0.084375 0.24453125 0.090625 0.1203125
1 0.18125 0.26875 0.09375 0.1
1 0.22578125 0.359375 0.0765625 0.0875
1 0.3546875 0.33671875 0.059375 0.0671875
1 0.4984375 0.39375 0.053125 0.0625
1 0.546875 0.4234375 0.046875 0.053125
1 0.6015625 0.45859375 0.05 0.0515625
1 0.6921875 0.44453125 0.05 0.0515625
1 0.72109375 0.49140625 0.0640625 0.0796875
1 0.84296875 0.559375 0.0859375 0.090625
3 0.09921875 0.88671875 0.0640625 0.0421875
3 0.19453125 0.8734375 0.0390625 0.046875
3 0.23046875 0.8765625 0.0515625 0.05
3 0.33359375 0.8453125 0.0296875 0.040625
3 0.3890625 0.85703125 0.04375 0.0421875
3 0.4515625 0.84375 0.034375 0.0375
3 0.41015625 0.8265625 0.0328125 0.03125
3 0.4703125 0.87109375 0.05 0.0453125
3 0.50234375 0.90078125 0.0421875 0.0546875
3 0.54140625 0.88359375 0.0484375 0.0421875
3 0.55859375 0.95234375 0.0484375 0.0359375
3 0.5796875 0.9796875 0.053125 0.040625
2 0.79296875 0.7453125 0.2953125 0.509375
2 0.65 0.72265625 0.228125 0.5546875
2 0.6234375 0.67109375 0.209375 0.5234375
2 0.5515625 0.684375 0.221875 0.525
2 0.5 0.61171875 0.1875 0.4671875
2 0.42421875 0.62109375 0.2296875 0.5546875
2 0.28671875 0.60703125 0.2890625 0.6390625
2 0.15703125 0.60625 0.2421875 0.61875
2 0.11875 0.55390625 0.2375 0.6921875
2 0.06953125 0.52265625 0.1390625 0.6953125