1 0.1125 0.1671875 0.075 0.084375
1 0.65625 0.146875 0.05625 0.0625
1 0.76875 0.15234375 0.059375 0.0609375
1 0.82890625 0.4484375 0.0546875 0.065625
4 0.09921875 0.42578125 0.1640625 0.3296875
4 0.63125 0.3703125 0.125 0.2625
4 0.76796875 0.35859375 0.1265625 0.2578125
4 0.85 0.646875 0.13125 0.23125
3 0.184375 0.9671875 0.08125 0.046875
3 0.74375 0.8265625 0.0625 0.04375
3 0.7796875 0.8765625 0.06875 0.05
3 0.8671875 0.86640625 0.0375 0.0703125
2 0.8375 0.66328125 0.2375 0.5109375
2 0.778125 0.48828125 0.178125 0.7296875
2 0.62734375 0.48046875 0.1828125 0.7359375
3 0.6453125 0.8140625 0.084375 0.078125
3 0.06875 0.95859375 0.059375 0.0546875
2 0.13046875 0.5546875 0.2609375 0.871875