4 0.20234375 0.44140625 0.1515625 0.2765625
4 0.315625 0.43515625 0.1375 0.3078125
4 0.4671875 0.35703125 0.146875 0.2796875
1 0.2109375 0.22890625 0.090625 0.1046875
1 0.33125 0.21640625 0.078125 0.0796875
1 0.41796875 0.16328125 0.0703125 0.0921875
1 0.4921875 0.165625 0.075 0.075
3 0.2359375 0.9 0.08125 0.090625
3 0.28671875 0.89609375 0.0796875 0.0796875
3 0.3671875 0.86953125 0.0875 0.0640625
3 0.4921875 0.89140625 0.103125 0.0578125
2 0.215625 0.5609375 0.234375 0.8125
2 0.32109375 0.53359375 0.1984375 0.7484375
2 0.51328125 0.51796875 0.2921875 0.8578125