1 0.11328125 0.15859375 0.0890625 0.0859375
1 0.23203125 0.21484375 0.0515625 0.0546875
1 0.365625 0.178125 0.053125 0.053125
1 0.43125 0.18359375 0.059375 0.0765625
1 0.84140625 0.15703125 0.0484375 0.0484375
1 0.88359375 0.04140625 0.0890625 0.0828125
4 0.16328125 0.36015625 0.2828125 0.3265625
4 0.25390625 0.39453125 0.0734375 0.1203125
4 0.37265625 0.3171875 0.0921875 0.1625
4 0.4546875 0.31328125 0.109375 0.1984375
4 0.64921875 0.275 0.1203125 0.2
4 0.88515625 0.29609375 0.1515625 0.3359375
3 0.91171875 0.72421875 0.0828125 0.0546875
3 0.63671875 0.63359375 0.0578125 0.0328125
3 0.70390625 0.625 0.0359375 0.028125
3 0.4796875 0.64765625 0.05 0.0390625
1 0.63125 0.11640625 0.0875 0.0609375
2 0.88828125 0.38984375 0.2234375 0.7796875
2 0.84765625 0.26015625 0.0921875 0.3015625
2 0.64921875 0.37109375 0.2609375 0.6140625
2 0.459375 0.40859375 0.19375 0.5671875
2 0.3734375 0.3984375 0.175 0.53125
2 0.2625 0.459375 0.18125 0.575
2 0.125 0.47578125 0.246875 0.7703125