9 0.04375 0.2546875 0.0875 0.10625
9 0.296875 0.26953125 0.1 0.0890625
9 0.50625 0.2765625 0.1 0.090625
9 0.7015625 0.24921875 0.1 0.1015625
9 0.90078125 0.134375 0.1203125 0.125
15 0.08046875 0.459375 0.1609375 0.321875
15 0.3125 0.45859375 0.1625 0.3171875
15 0.515625 0.4640625 0.175 0.28125
15 0.7078125 0.45234375 0.159375 0.3015625
5 0.02109375 0.82890625 0.0421875 0.1171875
5 0.09296875 0.83671875 0.0796875 0.1140625
5 0.27109375 0.784375 0.1078125 0.10625
5 0.3296875 0.81171875 0.103125 0.1140625
5 0.5 0.76484375 0.1 0.0953125
5 0.5453125 0.80859375 0.09375 0.0953125
5 0.6671875 0.80078125 0.090625 0.0734375
5 0.7109375 0.83828125 0.1 0.0890625
5 0.87265625 0.83515625 0.1203125 0.1015625
5 0.92265625 0.8703125 0.1484375 0.1125
7 0.8640625 0.5296875 0.075 0.09375
7 0.04296875 0.609375 0.0484375 0.090625
7 0.2765625 0.57421875 0.05625 0.0578125
7 0.484375 0.55546875 0.040625 0.0484375
7 0.66015625 0.52421875 0.0578125 0.0515625