4 0.24921875 0.21171875 0.0703125 0.0546875
4 0.3453125 0.29375 0.075 0.084375
4 0.53359375 0.31484375 0.0640625 0.0578125
4 0.79765625 0.58046875 0.0734375 0.0921875
1 0.8171875 0.515625 0.03125 0.03125
1 0.346875 0.23203125 0.040625 0.0390625
3 0.7296875 0.73671875 0.0375 0.0390625
3 0.34921875 0.403125 0.0296875 0.05625
3 0.3171875 0.3828125 0.0375 0.053125
3 0.26328125 0.36328125 0.0359375 0.0671875
3 0.228125 0.31171875 0.03125 0.0546875
3 0.5515625 0.4125 0.028125 0.040625
3 0.5328125 0.40625 0.028125 0.0375
2 0.77109375 0.64296875 0.1953125 0.3671875
2 0.525 0.340625 0.153125 0.215625
2 0.2421875 0.2921875 0.134375 0.259375
2 0.3421875 0.31640625 0.125 0.2453125