1 0.04296875 0.18359375 0.0859375 0.1734375
1 0.28125 0.26171875 0.18125 0.2265625
1 0.6875 0.1609375 0.128125 0.153125
1 0.82421875 0.1984375 0.0828125 0.078125
0 0.03203125 0.4375 0.0640625 0.11875
0 0.11171875 0.59765625 0.1046875 0.1296875
0 0.35 0.6984375 0.128125 0.178125
0 0.4234375 0.53671875 0.1 0.1296875
0 0.6765625 0.38125 0.06875 0.103125
0 0.73828125 0.45703125 0.0828125 0.0796875
0 0.8 0.24765625 0.053125 0.0609375
0 0.88984375 0.3921875 0.0609375 0.06875
3 0.2 0.94609375 0.134375 0.1078125
3 0.27578125 0.95625 0.1171875 0.0875
3 0.38046875 0.9390625 0.1296875 0.121875
3 0.55234375 0.9046875 0.1140625 0.15625
3 0.69140625 0.73828125 0.0828125 0.1234375
3 0.753125 0.7140625 0.10625 0.1
3 0.84140625 0.578125 0.0734375 0.090625
3 0.88671875 0.56015625 0.0796875 0.0828125
2 0.8390625 0.38984375 0.21875 0.4640625
2 0.66796875 0.4390625 0.4078125 0.74375
2 0.3828125 0.56875 0.478125 0.8625
2 0.17109375 0.54296875 0.3421875 0.9140625