1 0.196875 0.0890625 0.090625 0.096875
1 0.73125 0.19140625 0.06875 0.0734375
1 0.8390625 0.2203125 0.071875 0.071875
1 0.83203125 0.5234375 0.0671875 0.075
4 0.1265625 0.3375 0.23125 0.353125
4 0.6578125 0.40390625 0.178125 0.2796875
4 0.7921875 0.421875 0.178125 0.275
4 0.8078125 0.72109375 0.178125 0.2515625
3 0.08828125 0.884375 0.0890625 0.0625
3 0.66328125 0.8734375 0.0703125 0.05625
3 0.6890625 0.93046875 0.078125 0.0640625
3 0.77578125 0.9390625 0.0515625 0.075
2 0.7921875 0.73125 0.34375 0.5375
2 0.77265625 0.5515625 0.3359375 0.740625
2 0.62890625 0.509375 0.3421875 0.746875
3 0.57109375 0.8390625 0.0984375 0.09375
2 0.17578125 0.46796875 0.3515625 0.8984375