1 0.3328125 0.47734375 0.046875 0.0515625
1 0.44140625 0.4296875 0.0390625 0.040625
1 0.54140625 0.421875 0.0390625 0.04375
1 0.6234375 0.4046875 0.04375 0.053125
1 0.68046875 0.38828125 0.0609375 0.0609375
3 0.38671875 0.83203125 0.0265625 0.0390625
3 0.41328125 0.8078125 0.0421875 0.028125
3 0.5234375 0.7546875 0.025 0.025
3 0.5640625 0.7515625 0.03125 0.034375
3 0.61484375 0.7796875 0.0359375 0.028125
3 0.65 0.78984375 0.025 0.0328125
3 0.70078125 0.78515625 0.0453125 0.0265625
3 0.7359375 0.80234375 0.028125 0.0296875
3 0.78515625 0.89140625 0.0640625 0.0484375
2 0.36015625 0.65390625 0.2328125 0.4546875
2 0.48828125 0.5921875 0.1921875 0.40625
2 0.58984375 0.60078125 0.1703125 0.4421875
2 0.75078125 0.6328125 0.2265625 0.609375
2 0.6703125 0.60078125 0.175 0.4609375