1 0.39765625 0.3109375 0.1140625 0.078125
1 0.58046875 0.34921875 0.1109375 0.0703125
1 0.73828125 0.315625 0.1328125 0.071875
3 0.33515625 0.89375 0.0984375 0.04375
3 0.45078125 0.89296875 0.1109375 0.0578125
3 0.621875 0.909375 0.103125 0.05625
3 0.734375 0.95625 0.071875 0.0625
3 0.69765625 0.9234375 0.1015625 0.059375
4 0.33515625 0.465625 0.2203125 0.253125
4 0.55 0.50703125 0.228125 0.2078125
4 0.809375 0.4921875 0.265625 0.25
2 0.78125 0.61875 0.38125 0.7625
2 0.5546875 0.62734375 0.365625 0.6921875
2 0.26640625 0.5390625 0.4421875 0.790625