1 0.22734375 0.63515625 0.1109375 0.1390625
1 0.359375 0.56796875 0.034375 0.0421875
1 0.55234375 0.6265625 0.0265625 0.034375
1 0.8734375 0.453125 0.103125 0.109375
1 0.50859375 0.58984375 0.0296875 0.0296875
4 0.17734375 0.8453125 0.1796875 0.246875
4 0.86875 0.725 0.228125 0.428125
4 0.478125 0.64921875 0.0625 0.1109375
4 0.57421875 0.6921875 0.0765625 0.115625
2 0.81875 0.675 0.3625 0.609375
2 0.19140625 0.75859375 0.2484375 0.4265625
2 0.3296875 0.659375 0.159375 0.271875
2 0.48671875 0.659375 0.0828125 0.18125
2 0.56953125 0.72109375 0.1359375 0.2578125