9 0.0984375 0.0734375 0.128125 0.146875
9 0.3453125 0.215625 0.1375 0.2
9 0.76328125 0.21640625 0.0984375 0.1328125
9 0.88671875 0.2859375 0.0703125 0.0625
5 0.09609375 0.884375 0.1046875 0.134375
5 0.1625 0.92578125 0.084375 0.1484375
5 0.27109375 0.92265625 0.0953125 0.1546875
5 0.45234375 0.9046875 0.0828125 0.140625
5 0.62734375 0.7765625 0.0578125 0.1125
5 0.69296875 0.76875 0.0890625 0.08125
5 0.8125 0.65859375 0.05625 0.0796875
5 0.8609375 0.6515625 0.065625 0.06875
6 0.1078125 0.14609375 0.06875 0.0359375