4 0.73515625 0.59765625 0.5296875 0.8015625
4 0.11796875 0.675 0.1171875 0.4
4 0.06953125 0.69140625 0.0953125 0.3390625
4 0.39921875 0.6578125 0.3609375 0.684375
4 0.17890625 0.70078125 0.1828125 0.4984375
4 0.24921875 0.72421875 0.2234375 0.5515625
2 0.73671875 0.4984375 0.5265625 0.996875
2 0.41953125 0.60546875 0.2984375 0.7890625
2 0.27109375 0.6734375 0.1515625 0.653125
2 0.17734375 0.68828125 0.1578125 0.6234375
2 0.11953125 0.71640625 0.1109375 0.5671875
2 0.06875 0.72578125 0.109375 0.5484375