4 0.17578125 0.296875 0.0703125 0.05625
4 0.29140625 0.34765625 0.0765625 0.0859375
4 0.478125 0.31328125 0.065625 0.0578125
4 0.8078125 0.4890625 0.075 0.09375
1 0.80703125 0.42109375 0.0328125 0.0328125
1 0.275 0.28984375 0.040625 0.0390625
3 0.7890625 0.65859375 0.0375 0.0390625
3 0.32890625 0.4515625 0.0296875 0.05625
3 0.28984375 0.44140625 0.0390625 0.0546875
3 0.23359375 0.43828125 0.0359375 0.0671875
3 0.18515625 0.39921875 0.0328125 0.0546875
3 0.52421875 0.4015625 0.0296875 0.040625
3 0.5046875 0.4 0.028125 0.0375
2 0.80078125 0.5578125 0.2015625 0.36875
0 0.75390625 0.528125 0.0359375 0.034375
2 0.478125 0.34140625 0.15625 0.2171875
2 0.19296875 0.37734375 0.1390625 0.2609375
2 0.29609375 0.3703125 0.1296875 0.246875