13 0.053125 0.46484375 0.046875 0.140625
13 0.0984375 0.44375 0.07421875 0.12109375
13 0.165625 0.42421875 0.07578125 0.1484375
13 0.2625 0.4203125 0.10703125 0.1984375
13 0.35 0.32734375 0.140625 0.2515625
13 0.4984375 0.40078125 0.08984375 0.19609375
13 0.68671875 0.171875 0.2515625 0.34375
14 0.521875 0.59609375 0.0859375 0.2890625
14 0.04609375 0.6359375 0.0796875 0.303125
14 0.103125 0.67421875 0.10546875 0.37890625
14 0.16015625 0.7109375 0.09375 0.421875
14 0.259375 0.72890625 0.10703125 0.4859375
14 0.43046875 0.71171875 0.2671875 0.5765625
14 0.775 0.6625 0.45 0.675