14 0.8921875 0.721875 0.2109375 0.55546875
14 0.78515625 0.5359375 0.121875 0.371875
14 0.690625 0.484375 0.09921875 0.396875
14 0.5734375 0.38984375 0.140625 0.3265625
14 0.3796875 0.44375 0.15078125 0.409375
14 0.24609375 0.58046875 0.1328125 0.4640625
14 0.14765625 0.50703125 0.0390625 0.33046875
14 0.06640625 0.7140625 0.1328125 0.571875
14 0.12109375 0.603125 0.096875 0.4
13 0.9140625 0.359375 0.1671875 0.275
13 0.803125 0.2171875 0.15859375 0.2375
13 0.684375 0.203125 0.10390625 0.18359375
13 0.5984375 0.17109375 0.10390625 0.19140625
13 0.353125 0.20078125 0.1171875 0.21796875
13 0.25625 0.29140625 0.10703125 0.228125
13 0.17578125 0.2765625 0.0859375 0.203125
13 0.1109375 0.31640625 0.06015625 0.23359375
13 0.046875 0.3359375 0.09375 0.4109375