14 0.90234375 0.68671875 0.078125 0.14296875
14 0.25234375 0.821875 0.075 0.140625
14 0.3296875 0.67265625 0.065625 0.184375
14 0.42109375 0.6 0.0609375 0.09453125
14 0.5234375 0.5265625 0.071875 0.175
14 0.528125 0.2234375 0.05546875 0.0609375
13 0.8828125 0.61640625 0.053125 0.05
13 0.521875 0.184375 0.0375 0.04453125
13 0.55703125 0.4125 0.06875 0.071875
13 0.41953125 0.5328125 0.0640625 0.05703125
13 0.346875 0.5765625 0.05703125 0.053125
13 0.28515625 0.73203125 0.0578125 0.0640625
14 0.3703125 0.57265625 0.03359375 0.115625
14 0.30625 0.57265625 0.04453125 0.12890625
13 0.3734375 0.5 0.05625 0.05546875
13 0.30859375 0.48671875 0.0578125 0.04609375