8 0.0171875 0.15390625 0.034375 0.1609375
8 0.203125 0.31015625 0.1015625 0.159375
8 0.36171875 0.63359375 0.0796875 0.121875
8 0.43046875 0.5078125 0.0625 0.084375
8 0.35859375 0.35625 0.0359375 0.1015625
8 0.39140625 0.2859375 0.0546875 0.1140625
8 0.58359375 0.2890625 0.040625 0.10859375
8 0.57421875 0.621875 0.065625 0.121875
8 0.70625 0.6640625 0.08828125 0.175
13 0.6609375 0.125 0.053125 0.08359375
13 0.2546875 0.37265625 0.040625 0.140625
13 0.2890625 0.39453125 0.03046875 0.1390625
13 0.3265625 0.36796875 0.04375 0.13046875
13 0.4109375 0.3609375 0.04375 0.09453125
13 0.37109375 0.54140625 0.0453125 0.10859375
13 0.5 0.54921875 0.05390625 0.09296875
13 0.6296875 0.6390625 0.065625 0.1390625
13 0.671875 0.5546875 0.05234375 0.1234375
13 0.72109375 0.51640625 0.071875 0.125
13 0.7328125 0.31953125 0.06015625 0.1140625
13 0.7 0.4 0.05390625 0.10546875
13 0.6734375 0.35 0.04609375 0.0890625
13 0.46171875 0.340625 0.04375 0.0859375
13 0.49296875 0.3140625 0.0484375 0.075
13 0.53828125 0.3515625 0.04375 0.08359375
13 0.6078125 0.353125 0.046875 0.0859375
13 0.64296875 0.39140625 0.0453125 0.10546875
14 0.19609375 0.58125 0.1484375 0.390625
14 0.275 0.5203125 0.0515625 0.1875
14 0.36328125 0.796875 0.1140625 0.196875
14 0.73828125 0.8609375 0.171875 0.278125
14 0.7859375 0.65859375 0.09609375 0.2359375
14 0.7515625 0.45 0.05390625 0.146875
14 0.60546875 0.46328125 0.0421875 0.165625
14 0.6515625 0.490625 0.02578125 0.153125
14 0.70078125 0.47265625 0.040625 0.06796875
14 0.6734375 0.459375 0.02578125 0.115625
14 0.6390625 0.721875 0.06015625 0.08359375
14 0.578125 0.74765625 0.06171875 0.1515625
14 0.50546875 0.63359375 0.0703125 0.13046875
14 0.428125 0.72109375 0.05703125 0.1109375
14 0.44765625 0.6234375 0.0484375 0.1140625
13 0.41015625 0.634375 0.0515625 0.08046875
14 0.5359375 0.47734375 0.078125 0.19609375
14 0.4734375 0.45546875 0.065625 0.16640625
14 0.4171875 0.44921875 0.06171875 0.10703125
14 0.36640625 0.4671875 0.0515625 0.1125
14 0.325 0.4984375 0.0375 0.1609375
14 0.01953125 0.421875 0.0390625 0.3390625
14 0.66328125 0.2546875 0.0890625 0.190625