13 0.48046875 0.68515625 0.03125 0.09296875
13 0.5671875 0.640625 0.05234375 0.09296875
13 0.2859375 0.64375 0.03984375 0.0765625
13 0.29609375 0.528125 0.0375 0.06953125
13 0.3625 0.53984375 0.04921875 0.065625
13 0.4609375 0.38359375 0.03984375 0.0609375
13 0.65546875 0.57734375 0.04375 0.07890625
13 0.7515625 0.603125 0.0390625 0.09140625
13 0.7171875 0.490625 0.04609375 0.084375
13 0.646875 0.371875 0.04296875 0.0859375
14 0.2671875 0.56640625 0.0453125 0.146875
15 0.2828125 0.4359375 0.05859375 0.178125
14 0.3640625 0.44375 0.0671875 0.15390625
15 0.475 0.60859375 0.06796875 0.13359375
15 0.5546875 0.578125 0.06484375 0.109375
14 0.46953125 0.296875 0.071875 0.153125
14 0.66953125 0.5015625 0.0609375 0.125
14 0.7578125 0.52890625 0.06484375 0.125
15 0.63828125 0.290625 0.0671875 0.14453125