13 0.1609375 0.515625 0.0453125 0.065625
13 0.2890625 0.3890625 0.040625 0.05859375
13 0.34765625 0.3671875 0.04375 0.05703125
13 0.40703125 0.36953125 0.0484375 0.05546875
13 0.30625 0.47265625 0.06015625 0.065625
13 0.48359375 0.51875 0.0515625 0.065625
13 0.5578125 0.42890625 0.06015625 0.0640625
13 0.775 0.41015625 0.05390625 0.08203125
13 0.87734375 0.496875 0.0453125 0.06640625
14 0.16015625 0.5953125 0.0859375 0.1265625
14 0.284375 0.459375 0.0421875 0.10703125
14 0.30859375 0.571875 0.0703125 0.14609375
14 0.35390625 0.43515625 0.053125 0.14296875
14 0.4 0.44140625 0.06171875 0.11953125
14 0.48515625 0.590625 0.06875 0.11796875
14 0.57734375 0.48046875 0.078125 0.08046875
14 0.78125 0.49765625 0.05859375 0.1484375
14 0.8828125 0.5734375 0.0890625 0.14453125