8 0.96484375 0.321875 0.0703125 0.2140625
8 0.878125 0.23359375 0.13515625 0.15
8 0.5984375 0.3625 0.10390625 0.1609375
8 0.4125 0.3234375 0.11171875 0.1609375
8 0.18125 0.25390625 0.1171875 0.19453125
8 0.090625 0.26484375 0.11953125 0.2265625
14 0.96171875 0.56640625 0.0765625 0.3484375
14 0.875 0.48671875 0.171875 0.35390625
14 0.7109375 0.590625 0.15625 0.4015625
14 0.5890625 0.6015625 0.15078125 0.35859375
14 0.4984375 0.546875 0.15390625 0.3890625
14 0.346875 0.58046875 0.19296875 0.3890625
14 0.1984375 0.54453125 0.16171875 0.41640625
14 0.0734375 0.55234375 0.14609375 0.509375
13 0.51171875 0.3078125 0.1015625 0.19296875
13 0.7140625 0.31875 0.09921875 0.184375