8 0.08828125 0.41875 0.0546875 0.0984375
8 0.453125 0.43515625 0.05078125 0.05703125
8 0.63203125 0.51953125 0.0328125 0.06953125
8 0.82890625 0.42421875 0.0328125 0.04296875
8 0.953125 0.4015625 0.046875 0.0609375
14 0.0765625 0.53359375 0.1015625 0.18359375
14 0.3546875 0.50234375 0.071875 0.109375
14 0.45703125 0.50859375 0.0625 0.125
14 0.596875 0.49921875 0.0484375 0.09609375
14 0.82890625 0.4828125 0.05625 0.0984375
14 0.94453125 0.48359375 0.071875 0.121875
13 0.359375 0.453125 0.0546875 0.071875