8 0.86875 0.69609375 0.05625 0.06953125
8 0.825 0.6640625 0.04375 0.05859375
8 0.7640625 0.590625 0.05 0.05703125
8 0.67421875 0.54140625 0.0546875 0.0609375
8 0.6125 0.45625 0.0375 0.034375
8 0.60625 0.490625 0.03203125 0.0515625
8 0.52578125 0.45625 0.0359375 0.05703125
8 0.4625 0.34375 0.05546875 0.065625
8 0.21875 0.25625 0.05625 0.0515625
15 0.80625 0.7171875 0.1 0.05703125
15 0.75234375 0.6765625 0.1109375 0.0609375
15 0.70546875 0.61953125 0.075 0.08359375
15 0.6203125 0.56484375 0.06796875 0.07109375
15 0.625 0.49609375 0.03203125 0.078125
15 0.5953125 0.52734375 0.0640625 0.084375
15 0.5671875 0.47109375 0.03515625 0.05859375
14 0.44375 0.40390625 0.07265625 0.08046875
15 0.23203125 0.3 0.06875 0.08359375