13 0.68984375 0.25 0.01875 0.05
14 0.6734375 0.2640625 0.03359375 0.071875
8 0.68984375 0.33203125 0.0265625 0.04453125
15 0.66796875 0.36640625 0.040625 0.078125
8 0.09375 0.08203125 0.0265625 0.046875
15 0.075 0.11171875 0.02578125 0.07890625
8 0.015625 0.1296875 0.02421875 0.04609375
14 0.0171875 0.17421875 0.03359375 0.059375
8 0.371875 0.61015625 0.0234375 0.0484375
15 0.37109375 0.6390625 0.034375 0.071875
8 0.4515625 0.82734375 0.0265625 0.05390625
14 0.4421875 0.88125 0.03984375 0.1125
8 0.51953125 0.81640625 0.0234375 0.046875
15 0.54453125 0.84765625 0.0265625 0.0984375
8 0.5875 0.796875 0.025 0.05390625
15 0.57109375 0.8546875 0.025 0.0984375
8 0.98359375 0.32578125 0.0203125 0.065625
14 0.9546875 0.33203125 0.0375 0.121875
8 0.94140625 0.409375 0.0328125 0.06796875
14 0.9703125 0.409375 0.0390625 0.0640625
8 0.9828125 0.796875 0.01953125 0.0625
14 0.9515625 0.8015625 0.04609375 0.11953125