1 0.1828125 0.13828125 0.065625 0.0921875
1 0.4859375 0.22734375 0.05 0.0890625
1 0.3265625 0.24453125 0.05 0.0734375
1 0.54296875 0.26171875 0.0390625 0.0640625
1 0.40703125 0.2640625 0.0359375 0.053125
1 0.615625 0.29765625 0.04375 0.0921875
4 0.1640625 0.3671875 0.1125 0.290625
1 0.78671875 0.40390625 0.0609375 0.0640625
4 0.5453125 0.40078125 0.053125 0.1890625
4 0.4 0.39921875 0.06875 0.1953125
4 0.4765625 0.4125 0.103125 0.25625
4 0.60078125 0.4359375 0.0890625 0.2375
4 0.3171875 0.446875 0.103125 0.265625
4 0.76640625 0.5921875 0.1171875 0.271875
3 0.678125 0.78671875 0.053125 0.0796875
3 0.2078125 0.771875 0.0875 0.109375
3 0.13125 0.840625 0.075 0.096875
3 0.65234375 0.76015625 0.0609375 0.0609375
3 0.60546875 0.72265625 0.0546875 0.0734375
3 0.27578125 0.77421875 0.0515625 0.0765625