9 0.1703125 0.15 0.0625 0.090625
9 0.47734375 0.228125 0.0484375 0.0875
9 0.3171875 0.2515625 0.046875 0.071875
9 0.534375 0.2609375 0.0375 0.0625
9 0.39921875 0.26640625 0.0328125 0.0515625
9 0.6078125 0.29375 0.040625 0.090625
15 0.159375 0.37890625 0.103125 0.2890625
9 0.7828125 0.39375 0.059375 0.0625
15 0.54296875 0.4 0.0484375 0.1875
15 0.396875 0.40390625 0.0625 0.1921875
15 0.4734375 0.4125 0.09375 0.253125
15 0.5984375 0.4328125 0.08125 0.234375
15 0.315625 0.45390625 0.09375 0.2640625
15 0.76953125 0.5828125 0.1078125 0.26875
5 0.6890625 0.78046875 0.05 0.0765625
5 0.21796875 0.78125 0.0828125 0.10625
5 0.1421875 0.85390625 0.071875 0.0953125
5 0.6609375 0.7546875 0.059375 0.059375
5 0.61328125 0.71875 0.0515625 0.071875
5 0.28515625 0.78125 0.0484375 0.075
5 0.36328125 0.76796875 0.0359375 0.0859375
5 0.43515625 0.7625 0.0359375 0.084375
5 0.5078125 0.76796875 0.028125 0.0765625
5 0.546875 0.71328125 0.034375 0.0703125
6 0.7734375 0.4203125 0.04375 0.04375
7 0.11640625 0.54453125 0.0390625 0.0859375
7 0.21953125 0.5203125 0.0203125 0.065625
7 0.26796875 0.5734375 0.0203125 0.04375
7 0.80234375 0.72109375 0.0265625 0.0515625