1 0.39765625 0.33984375 0.0546875 0.0734375
1 0.21953125 0.36484375 0.0453125 0.0453125
1 0.32734375 0.3640625 0.0328125 0.040625
4 0.27421875 0.38359375 0.0515625 0.0828125
4 0.1828125 0.4109375 0.046875 0.059375
4 0.321875 0.3984375 0.04375 0.04375
1 0.6515625 0.378125 0.0375 0.0375
4 0.47265625 0.40234375 0.0328125 0.0765625
1 0.453125 0.40703125 0.025 0.0359375
1 0.5140625 0.40390625 0.034375 0.0546875
4 0.61171875 0.3984375 0.0484375 0.0875
4 0.68515625 0.40546875 0.0328125 0.0609375
4 0.54453125 0.425 0.0359375 0.05
4 0.32890625 0.46015625 0.0484375 0.1078125
4 0.50859375 0.44296875 0.0203125 0.0484375
4 0.53671875 0.44296875 0.0671875 0.1359375
4 0.23203125 0.48046875 0.0859375 0.1546875
4 0.46640625 0.49453125 0.0359375 0.1078125
4 0.6546875 0.496875 0.090625 0.165625
4 0.4046875 0.53671875 0.115625 0.2578125