9 0.25859375 0.21328125 0.0265625 0.0421875
9 0.5484375 0.22890625 0.025 0.0484375
9 0.375 0.24609375 0.028125 0.0453125
9 0.61484375 0.25546875 0.0265625 0.0453125
9 0.4390625 0.275 0.028125 0.046875
9 0.5046875 0.2890625 0.021875 0.03125
15 0.55078125 0.334375 0.0546875 0.128125
15 0.2546875 0.34296875 0.0625 0.1578125
15 0.36953125 0.34921875 0.0390625 0.1296875
15 0.43515625 0.3578125 0.0484375 0.115625
15 0.50078125 0.375 0.0421875 0.115625
15 0.6125 0.37578125 0.059375 0.1546875
6 0.2578125 0.23359375 0.025 0.0203125
5 0.5953125 0.5625 0.025 0.06875
5 0.63046875 0.56484375 0.0265625 0.0765625
5 0.56328125 0.546875 0.0265625 0.0375
5 0.53359375 0.53828125 0.0265625 0.0328125
5 0.35703125 0.5296875 0.0234375 0.0625
5 0.375 0.52265625 0.025 0.0578125
5 0.44453125 0.5265625 0.0265625 0.053125
5 0.41953125 0.521875 0.0296875 0.053125
5 0.47890625 0.521875 0.0234375 0.03125
5 0.23046875 0.5734375 0.0296875 0.053125