1 0.2109375 0.32421875 0.0625 0.0640625
1 0.575 0.27578125 0.071875 0.0703125
1 0.68828125 0.31171875 0.0640625 0.0609375
4 0.40859375 0.56015625 0.1359375 0.2953125
4 0.6 0.4734375 0.1125 0.278125
4 0.70703125 0.5109375 0.1203125 0.259375
1 0.40078125 0.34453125 0.0734375 0.0890625
3 0.26796875 0.8546875 0.0671875 0.03125
3 0.38359375 0.93671875 0.0390625 0.0328125
3 0.44453125 0.934375 0.0359375 0.034375
3 0.62265625 0.9171875 0.0765625 0.04375
3 0.709375 0.90234375 0.075 0.0359375
3 0.14453125 0.8328125 0.0546875 0.090625
2 0.2046875 0.58125 0.225 0.6375
2 0.39453125 0.6265625 0.2203125 0.69375
2 0.603125 0.59765625 0.221875 0.7453125
2 0.7203125 0.60234375 0.209375 0.6640625