1 0.18984375 0.365625 0.0703125 0.071875
1 0.54296875 0.26640625 0.0796875 0.0796875
1 0.66015625 0.2875 0.0703125 0.06875
4 0.41796875 0.5734375 0.1734375 0.30625
4 0.59453125 0.4609375 0.1484375 0.2875
4 0.70546875 0.48203125 0.1546875 0.2703125
1 0.38125 0.3609375 0.084375 0.096875
0 0.6546875 0.51171875 0.0625 0.0703125
0 0.33828125 0.6640625 0.0609375 0.084375
3 0.31953125 0.884375 0.0703125 0.040625
3 0.44609375 0.9484375 0.0421875 0.0375
3 0.50625 0.93828125 0.040625 0.0390625
3 0.6796875 0.89609375 0.08125 0.0546875
3 0.7640625 0.86875 0.078125 0.046875
3 0.19375 0.88046875 0.065625 0.0953125
2 0.21953125 0.621875 0.3078125 0.653125
2 0.41328125 0.640625 0.3109375 0.70625
2 0.61640625 0.5828125 0.3203125 0.759375
2 0.7328125 0.5703125 0.296875 0.678125