1 0.378125 0.34453125 0.078125 0.0953125
1 0.5796875 0.2359375 0.078125 0.0875
4 0.40703125 0.52734375 0.1578125 0.2578125
4 0.621875 0.44453125 0.184375 0.3046875
0 0.29375 0.675 0.053125 0.084375
0 0.4359375 0.4296875 0.084375 0.0625
0 0.6453125 0.31328125 0.0625 0.0890625
0 0.6828125 0.30703125 0.04375 0.0828125
3 0.3890625 0.959375 0.0875 0.08125
3 0.46640625 0.8953125 0.0546875 0.0875
3 0.634375 0.91484375 0.06875 0.0984375
3 0.68125 0.8984375 0.05 0.078125
2 0.3921875 0.63203125 0.2875 0.7359375
2 0.64140625 0.575 0.2921875 0.778125