4 0.240625 0.2203125 0.06875 0.053125
4 0.33828125 0.29921875 0.0734375 0.0828125
4 0.5265625 0.3125 0.0625 0.05625
4 0.79921875 0.5703125 0.0703125 0.090625
1 0.8171875 0.503125 0.03125 0.03125
1 0.33671875 0.2375 0.0390625 0.0375
3 0.73828125 0.728125 0.0359375 0.0375
3 0.34609375 0.40859375 0.0265625 0.0546875
3 0.31328125 0.3890625 0.0359375 0.053125
3 0.25859375 0.37265625 0.0328125 0.0671875
3 0.22265625 0.321875 0.0296875 0.053125
3 0.54765625 0.41171875 0.0265625 0.0390625
3 0.53046875 0.40390625 0.0265625 0.0359375
2 0.7765625 0.6328125 0.184375 0.3625
2 0.5203125 0.340625 0.146875 0.2125
2 0.23515625 0.30234375 0.1265625 0.2578125
2 0.33671875 0.32265625 0.1171875 0.2421875