4 0.16015625 0.32578125 0.0734375 0.0609375
4 0.27890625 0.3671875 0.0828125 0.090625
4 0.4609375 0.315625 0.06875 0.0625
4 0.8046875 0.4625 0.08125 0.096875
1 0.8 0.3953125 0.034375 0.034375
1 0.2578125 0.31015625 0.04375 0.0421875
3 0.8015625 0.6328125 0.040625 0.040625
3 0.325 0.4671875 0.034375 0.05625
3 0.28515625 0.4609375 0.0421875 0.05625
3 0.2296875 0.4625 0.040625 0.06875
3 0.178125 0.4265625 0.0375 0.05625
3 0.515625 0.40078125 0.03125 0.0421875
3 0.4953125 0.40078125 0.03125 0.0390625
2 0.8046875 0.53125 0.228125 0.375
2 0.4640625 0.34375 0.171875 0.225
2 0.1828125 0.4046875 0.159375 0.265625
2 0.28515625 0.3890625 0.1484375 0.25