1 0.24609375 0.6671875 0.0953125 0.128125
1 0.36796875 0.58515625 0.0296875 0.0390625
1 0.5671875 0.61875 0.021875 0.03125
1 0.86484375 0.4078125 0.0921875 0.1
1 0.51953125 0.58671875 0.0265625 0.0265625
4 0.22109375 0.88125 0.1546875 0.23125
4 0.89375 0.67890625 0.18125 0.4109375
4 0.496875 0.6515625 0.05 0.10625
4 0.59765625 0.68125 0.0640625 0.109375
2 0.84453125 0.634375 0.3109375 0.578125
2 0.225 0.79375 0.2 0.40625
2 0.35078125 0.67890625 0.1296875 0.2578125
2 0.5046875 0.66015625 0.0625 0.1765625
2 0.5953125 0.7109375 0.10625 0.246875