1 0.1375 0.1328125 0.084375 0.08125
1 0.25234375 0.19609375 0.0484375 0.0515625
1 0.3875 0.16875 0.05 0.05
1 0.45390625 0.18046875 0.0546875 0.0734375
1 0.86484375 0.18046875 0.0453125 0.0453125
1 0.915625 0.06953125 0.084375 0.0796875
4 0.17421875 0.33671875 0.2640625 0.3109375
4 0.26171875 0.378125 0.0671875 0.115625
4 0.384375 0.30859375 0.08125 0.1578125
4 0.4671875 0.3109375 0.096875 0.19375
4 0.66484375 0.2859375 0.1078125 0.19375
4 0.89921875 0.32421875 0.1296875 0.3296875
3 0.89609375 0.753125 0.0796875 0.05
3 0.6265625 0.6421875 0.05625 0.028125
3 0.6953125 0.63828125 0.034375 0.0265625
3 0.46953125 0.64453125 0.0484375 0.0359375
1 0.6578125 0.1265625 0.084375 0.05625
2 0.90234375 0.40703125 0.1828125 0.7953125
2 0.8640625 0.28515625 0.071875 0.2984375
2 0.65859375 0.38125 0.2203125 0.603125
2 0.46640625 0.40546875 0.1546875 0.5609375
2 0.38125 0.38984375 0.140625 0.5265625
2 0.265625 0.44140625 0.14375 0.5703125
2 0.12734375 0.44921875 0.1953125 0.7609375