1 0.0984375 0.0734375 0.128125 0.146875
1 0.3453125 0.215625 0.1375 0.2
1 0.76328125 0.21640625 0.0984375 0.1328125
1 0.88671875 0.2859375 0.0703125 0.0625
0 0.05078125 0.3234375 0.0640625 0.10625
0 0.09921875 0.50078125 0.0796875 0.1140625
0 0.30703125 0.65546875 0.0921875 0.1609375
0 0.4171875 0.5171875 0.075 0.115625
0 0.7 0.42734375 0.046875 0.0953125
0 0.740625 0.515625 0.06875 0.065625
0 0.85234375 0.32734375 0.0421875 0.0515625
0 0.90390625 0.4890625 0.0484375 0.059375
3 0.09609375 0.884375 0.1046875 0.134375
3 0.1625 0.92578125 0.084375 0.1484375
3 0.27109375 0.92265625 0.0953125 0.1546875
3 0.45234375 0.9046875 0.0828125 0.140625
3 0.62734375 0.7765625 0.0578125 0.1125
3 0.69296875 0.76875 0.0890625 0.08125
3 0.8125 0.65859375 0.05625 0.0796875
3 0.8609375 0.6515625 0.065625 0.06875
2 0.85625 0.475 0.1125 0.45
2 0.678125 0.48203125 0.24375 0.7046875
2 0.3640625 0.56328125 0.275 0.8734375
2 0.10859375 0.496875 0.2140625 0.9875