1 0.334375 0.46484375 0.04375 0.0484375
1 0.44609375 0.42578125 0.0359375 0.0390625
1 0.54609375 0.42578125 0.0359375 0.0421875
1 0.6296875 0.4125 0.040625 0.05
1 0.68828125 0.40078125 0.0578125 0.0578125
3 0.36328125 0.8234375 0.0234375 0.0375
3 0.390625 0.80078125 0.040625 0.0265625
3 0.50546875 0.75546875 0.0234375 0.0234375
3 0.54609375 0.75546875 0.0296875 0.0328125
3 0.5953125 0.78671875 0.034375 0.0265625
3 0.63046875 0.8 0.0234375 0.03125
3 0.6796875 0.79921875 0.04375 0.0234375
3 0.71328125 0.81875 0.0265625 0.028125
3 0.75703125 0.91171875 0.0609375 0.0453125
2 0.34921875 0.64296875 0.2046875 0.4484375
2 0.48203125 0.59140625 0.1671875 0.4015625
2 0.58203125 0.60703125 0.1421875 0.4390625
2 0.74140625 0.65 0.1859375 0.60625
2 0.66171875 0.61171875 0.1453125 0.4578125