1 0.078125 0.2015625 0.1 0.115625
1 0.3265625 0.246875 0.109375 0.1
1 0.53359375 0.27890625 0.1109375 0.1015625
1 0.73046875 0.2765625 0.1109375 0.1125
1 0.9375 0.18515625 0.125 0.1390625
4 0.09375 0.40859375 0.1875 0.3390625
4 0.31875 0.4359375 0.2 0.334375
4 0.51953125 0.4671875 0.2078125 0.3
4 0.71171875 0.478125 0.1953125 0.31875
3 0.00625 0.7671875 0.0125 0.121875
3 0.0546875 0.78515625 0.09375 0.1234375
3 0.23828125 0.7546875 0.1203125 0.11875
3 0.29375 0.7890625 0.115625 0.125
3 0.46796875 0.7625 0.1109375 0.10625
3 0.50703125 0.8125 0.1046875 0.10625
3 0.62890625 0.81875 0.0984375 0.084375
3 0.66875 0.8625 0.109375 0.1
3 0.8296875 0.878125 0.13125 0.115625
3 0.87421875 0.91953125 0.1609375 0.1296875
2 0.87109375 0.55625 0.2578125 0.8875
2 0.69921875 0.57734375 0.2640625 0.7171875
2 0.51484375 0.5421875 0.2703125 0.646875
2 0.290625 0.5125 0.26875 0.6625
2 0.09375 0.4921875 0.1875 0.703125