1 0.04453125 0.32890625 0.0734375 0.1109375
1 0.1421875 0.334375 0.08125 0.0875
1 0.20390625 0.41328125 0.0640625 0.0796875
1 0.3265625 0.3671875 0.05 0.059375
1 0.478125 0.3953125 0.04375 0.05625
1 0.53046875 0.41484375 0.0390625 0.0484375
1 0.5921875 0.43984375 0.04375 0.0453125
1 0.678125 0.40859375 0.04375 0.0453125
1 0.71484375 0.44921875 0.0515625 0.0734375
1 0.84921875 0.49296875 0.0734375 0.0796875
3 0.18046875 0.95546875 0.0609375 0.0328125
3 0.27109375 0.92421875 0.0328125 0.0421875
3 0.30703125 0.9203125 0.0453125 0.04375
3 0.403125 0.8703125 0.025 0.0375
3 0.459375 0.871875 0.0375 0.0375
3 0.5171875 0.84609375 0.028125 0.0328125
3 0.475 0.83671875 0.028125 0.0265625
3 0.54140625 0.87109375 0.0453125 0.0390625
3 0.5796875 0.89375 0.034375 0.05
3 0.61328125 0.86953125 0.0421875 0.0359375
3 0.64453125 0.9328125 0.0453125 0.028125
3 0.67109375 0.95859375 0.0484375 0.0359375
2 0.84296875 0.71640625 0.1890625 0.5671875
2 0.690625 0.69453125 0.125 0.5640625
2 0.6546875 0.64453125 0.1125 0.5265625
2 0.58671875 0.67109375 0.1265625 0.5234375
2 0.52109375 0.609375 0.1015625 0.46875
2 0.44921875 0.63359375 0.1296875 0.5546875
2 0.3109375 0.646875 0.175 0.634375
2 0.184375 0.6703125 0.128125 0.621875
2 0.11015625 0.63125 0.1671875 0.690625
2 0.04375 0.615625 0.0875 0.703125