1 0.4171875 0.3015625 0.11875 0.0875
1 0.596875 0.35859375 0.115625 0.0796875
1 0.75625 0.340625 0.1375 0.084375
3 0.2953125 0.875 0.1 0.053125
3 0.4109375 0.8859375 0.115625 0.06875
3 0.57890625 0.91953125 0.1078125 0.0671875
3 0.68359375 0.971875 0.0765625 0.05625
3 0.65234375 0.940625 0.1046875 0.06875
4 0.340625 0.44921875 0.240625 0.2703125
4 0.54921875 0.5109375 0.2453125 0.228125
4 0.80859375 0.525 0.2859375 0.271875
2 0.76484375 0.628125 0.4578125 0.74375
2 0.5421875 0.63203125 0.43125 0.7140625
2 0.26328125 0.5140625 0.5140625 0.81875