4 0.22265625 0.3765625 0.1828125 0.290625
4 0.334375 0.3953125 0.171875 0.31875
4 0.5 0.35390625 0.178125 0.2921875
1 0.28046875 0.17109375 0.1015625 0.1140625
1 0.39921875 0.184375 0.0859375 0.0875
1 0.49609375 0.15234375 0.0796875 0.0984375
1 0.56796875 0.17265625 0.0828125 0.0828125
3 0.153125 0.83125 0.090625 0.1
3 0.20390625 0.83828125 0.0890625 0.0890625
3 0.2890625 0.82890625 0.09375 0.0734375
3 0.40546875 0.88046875 0.1078125 0.0703125
2 0.209375 0.4953125 0.328125 0.825
2 0.31796875 0.49140625 0.2859375 0.7578125
2 0.50859375 0.5203125 0.3921875 0.875