1 0.215625 0.60546875 0.121875 0.1453125
1 0.353125 0.55234375 0.0375 0.0453125
1 0.5390625 0.63046875 0.028125 0.0359375
1 0.8765625 0.49140625 0.1125 0.1171875
1 0.49921875 0.58984375 0.0328125 0.0328125
4 0.14375 0.80859375 0.2 0.2578125
4 0.84296875 0.7625 0.2671875 0.4375
4 0.4625 0.64609375 0.071875 0.1140625
4 0.5546875 0.69765625 0.0875 0.1203125
2 0.7953125 0.696875 0.409375 0.60625
2 0.16640625 0.725 0.2859375 0.4375
2 0.31328125 0.640625 0.1828125 0.278125
2 0.46875 0.65625 0.1 0.184375
2 0.5453125 0.7265625 0.159375 0.2625