4 0.1734375 0.30234375 0.071875 0.0578125
4 0.2890625 0.3515625 0.078125 0.0875
4 0.475 0.3125 0.065625 0.059375
4 0.80703125 0.484375 0.0765625 0.09375
1 0.80546875 0.41640625 0.0328125 0.0328125
1 0.271875 0.29375 0.040625 0.040625
3 0.79140625 0.65390625 0.0390625 0.0390625
3 0.3265625 0.4546875 0.03125 0.05625
3 0.28984375 0.44609375 0.0390625 0.0546875
3 0.2328125 0.44296875 0.0375 0.0671875
3 0.18359375 0.40546875 0.0328125 0.0546875
3 0.52109375 0.4015625 0.0296875 0.040625
3 0.50234375 0.4 0.0296875 0.0375
2 0.8015625 0.55234375 0.20625 0.3703125
0 0.75390625 0.5234375 0.0359375 0.034375
2 0.475 0.3421875 0.159375 0.21875
2 0.190625 0.3828125 0.14375 0.2625
2 0.29296875 0.375 0.1328125 0.246875