4 0.2203125 0.23828125 0.065625 0.0484375
4 0.3234375 0.3109375 0.06875 0.078125
4 0.5140625 0.31171875 0.059375 0.0515625
4 0.803125 0.54921875 0.065625 0.0859375
1 0.81640625 0.48203125 0.0296875 0.0296875
1 0.31875 0.25078125 0.0375 0.0359375
3 0.753125 0.71015625 0.034375 0.0359375
3 0.33984375 0.4203125 0.0234375 0.053125
3 0.30546875 0.40234375 0.0328125 0.0515625
3 0.25 0.3890625 0.028125 0.065625
3 0.21015625 0.340625 0.0265625 0.053125
3 0.5421875 0.40859375 0.025 0.0390625
3 0.5234375 0.40234375 0.025 0.0359375
2 0.78515625 0.61328125 0.1609375 0.3546875
0 0.74453125 0.575 0.0328125 0.03125
2 0.50859375 0.33984375 0.1328125 0.2046875
2 0.22109375 0.32109375 0.1109375 0.2515625
2 0.32421875 0.334375 0.1015625 0.2375