1 0.23046875 0.6390625 0.1078125 0.1375
1 0.3609375 0.57109375 0.034375 0.0421875
1 0.5546875 0.625 0.025 0.034375
1 0.87265625 0.4453125 0.1015625 0.109375
1 0.51015625 0.58828125 0.0296875 0.0296875
4 0.18359375 0.85078125 0.1765625 0.2453125
4 0.8734375 0.71796875 0.221875 0.4265625
4 0.48046875 0.65 0.0609375 0.109375
4 0.578125 0.68984375 0.075 0.1140625
2 0.82265625 0.6703125 0.3546875 0.60625
2 0.19609375 0.76328125 0.2421875 0.4234375
2 0.33203125 0.66171875 0.1546875 0.2703125
2 0.4890625 0.659375 0.08125 0.18125
2 0.5734375 0.71875 0.13125 0.25625