1 0.2125 0.0375 0.159375 0.075
1 0.41875 0.18671875 0.18125 0.2265625
1 0.825 0.2890625 0.128125 0.153125
1 0.92734375 0.3859375 0.0828125 0.078125
0 0.1078125 0.2203125 0.0875 0.11875
0 0.11171875 0.40390625 0.1046875 0.1296875
0 0.275 0.6046875 0.128125 0.178125
0 0.415625 0.49765625 0.1 0.1296875
0 0.7125 0.478125 0.06875 0.103125
0 0.73046875 0.57421875 0.0828125 0.0796875
0 0.884375 0.41796875 0.053125 0.0609375
0 0.89453125 0.5875 0.0609375 0.06875
3 0.040625 0.775 0.08125 0.15625
3 0.06953125 0.83203125 0.1171875 0.1640625
3 0.17578125 0.85546875 0.1296875 0.1734375
3 0.35546875 0.88125 0.1140625 0.15625
3 0.55703125 0.79921875 0.0828125 0.1234375
3 0.621875 0.8078125 0.10625 0.1
3 0.76484375 0.7296875 0.0734375 0.090625
3 0.81328125 0.73515625 0.0796875 0.0828125
2 0.8515625 0.56171875 0.21875 0.4640625
2 0.67734375 0.525 0.4078125 0.74375
2 0.353125 0.52890625 0.478125 0.9140625
2 0.171875 0.453125 0.34375 0.90625