1 0.359375 0.3359375 0.115625 0.08125
1 0.5484375 0.33671875 0.1125 0.0734375
1 0.69375 0.26953125 0.134375 0.0765625
3 0.42109375 0.9203125 0.0984375 0.046875
3 0.534375 0.89609375 0.1125 0.0609375
3 0.70390625 0.87421875 0.1046875 0.0609375
3 0.82421875 0.89765625 0.0734375 0.0640625
3 0.78125 0.8734375 0.103125 0.0625
4 0.33203125 0.50078125 0.2265625 0.2578125
4 0.55 0.4953125 0.234375 0.215625
4 0.80234375 0.42734375 0.2734375 0.2578125
2 0.8 0.57578125 0.4 0.8078125
2 0.58046875 0.6125 0.3890625 0.7
2 0.27890625 0.58671875 0.4671875 0.8015625