1 0.36015625 0.3609375 0.0890625 0.103125
1 0.546875 0.22890625 0.0875 0.0953125
4 0.41015625 0.53828125 0.1859375 0.2734375
4 0.6140625 0.4296875 0.21875 0.321875
0 0.3171875 0.69921875 0.0625 0.0890625
0 0.428125 0.4375 0.090625 0.071875
0 0.621875 0.29765625 0.071875 0.0953125
0 0.6578125 0.28515625 0.053125 0.0859375
3 0.446875 0.9625 0.096875 0.075
3 0.51484375 0.89609375 0.0640625 0.0921875
3 0.68359375 0.8953125 0.0796875 0.10625
3 0.72890625 0.87265625 0.0578125 0.0828125
2 0.40859375 0.63203125 0.3734375 0.7359375
2 0.64921875 0.55703125 0.3828125 0.8015625