1 0.26484375 0.6921875 0.1046875 0.134375
1 0.37734375 0.59765625 0.0328125 0.0421875
1 0.5796875 0.61171875 0.025 0.0328125
1 0.85234375 0.3703125 0.0984375 0.10625
1 0.5296875 0.584375 0.028125 0.028125
4 0.2625 0.89375 0.16875 0.2125
4 0.90234375 0.6359375 0.1953125 0.421875
4 0.51328125 0.65078125 0.0578125 0.1078125
4 0.615625 0.6703125 0.071875 0.1125
2 0.84140625 0.59765625 0.3171875 0.5984375
2 0.2578125 0.80546875 0.228125 0.3890625
2 0.3703125 0.69375 0.146875 0.265625
2 0.521875 0.65859375 0.075 0.1796875
2 0.61640625 0.7 0.1234375 0.253125