1 0.35390625 0.3421875 0.1171875 0.084375
1 0.54140625 0.33515625 0.1140625 0.0765625
1 0.68515625 0.26328125 0.1359375 0.0796875
3 0.4359375 0.9234375 0.1 0.05
3 0.54765625 0.89453125 0.1140625 0.0640625
3 0.7171875 0.86640625 0.10625 0.0640625
3 0.8375 0.8875 0.075 0.065625
3 0.79375 0.8625 0.103125 0.065625
4 0.3328125 0.50703125 0.234375 0.2640625
4 0.55078125 0.49375 0.2390625 0.221875
4 0.79921875 0.4171875 0.2796875 0.265625
2 0.79453125 0.56484375 0.4109375 0.8140625
2 0.584375 0.61015625 0.409375 0.7078125
2 0.28125 0.59453125 0.490625 0.8109375