13 0.2765625 0.834375 0.140625 0.103125
13 0.771875 0.846875 0.18984375 0.09296875
13 0.70625 0.55234375 0.17734375 0.09296875
13 0.2359375 0.52890625 0.17421875 0.125
13 0.2703125 0.246875 0.16171875 0.08359375
13 0.7421875 0.2515625 0.1828125 0.096875
15 0.2890625 0.70703125 0.328125 0.2359375
15 0.75390625 0.70859375 0.3359375 0.25546875
15 0.25 0.4015625 0.328125 0.225
15 0.28515625 0.11640625 0.3515625 0.2109375
15 0.7203125 0.428125 0.34140625 0.2140625
15 0.74140625 0.121875 0.3515625 0.228125