13 0.94765625 0.46484375 0.046875 0.140625
13 0.90234375 0.44296875 0.0734375 0.11953125
13 0.834375 0.4234375 0.07578125 0.146875
13 0.7375 0.4203125 0.10703125 0.1984375
13 0.65078125 0.32734375 0.140625 0.2515625
13 0.5015625 0.40078125 0.08984375 0.19609375
13 0.31328125 0.171875 0.2515625 0.34375
14 0.47890625 0.59609375 0.0859375 0.2890625
14 0.95390625 0.6359375 0.0796875 0.303125
14 0.896875 0.6734375 0.10546875 0.38046875
14 0.83984375 0.7109375 0.09375 0.421875
14 0.740625 0.72890625 0.10703125 0.4859375
14 0.56953125 0.71171875 0.2671875 0.5765625
14 0.225 0.6625 0.45 0.675