13 0.9015625 0.34140625 0.07265625 0.121875
13 0.27890625 0.47265625 0.0421875 0.065625
13 0.26171875 0.33203125 0.040625 0.06640625
8 0.1203125 0.40546875 0.04453125 0.0390625
8 0.309375 0.49453125 0.06015625 0.06953125
8 0.4359375 0.48203125 0.0625 0.071875
8 0.74375 0.39375 0.075 0.1015625
15 0.08359375 0.46640625 0.0390625 0.0859375
14 0.11015625 0.459375 0.0390625 0.090625
15 0.15078125 0.47265625 0.0390625 0.07890625
14 0.26015625 0.53984375 0.0515625 0.13203125
14 0.3078125 0.590625 0.05703125 0.15
14 0.471875 0.56328125 0.06953125 0.12109375
14 0.7546875 0.49375 0.08359375 0.1625
13 0.70390625 0.453125 0.0484375 0.06953125
14 0.89765625 0.5109375 0.090625 0.275
15 0.26796875 0.3984375 0.08125 0.1109375